1,-3.188396,55.944425,0,-3.188096,55.944425,null
2,-3.188096,55.944425,340,-3.187800557674096,55.9443729055467,thank.salsa.brain
3,-3.187800557674096,55.9443729055467,10,-3.187505115348192,55.944425,null
4,-3.187505115348192,55.944425,20,-3.1872232075619564,55.944527606043,only.fairly.rift
5,-3.1872232075619564,55.944527606043,10,-3.1869277652360526,55.944579700496305,artist.gets.react
6,-3.1869277652360526,55.944579700496305,10,-3.1866323229101488,55.94463179494961,null
7,-3.1866323229101488,55.94463179494961,10,-3.186336880584245,55.94468388940291,rated.fired.crowds
8,-3.186336880584245,55.94468388940291,230,-3.1860770729631094,55.94453388940291,null
9,-3.1860770729631094,55.94453388940291,290,-3.1857951651768737,55.94443128335991,atoms.vanish.foods
10,-3.1857951651768737,55.94443128335991,290,-3.1856451651768736,55.94417147573878,null
11,-3.1856451651768736,55.94417147573878,290,-3.1854951651768735,55.94391166811764,manliness.poem.cliff
12,-3.1854951651768735,55.94391166811764,320,-3.185235357555738,55.943761668117645,hello.love.keys
13,-3.185235357555738,55.943761668117645,300,-3.185042521272832,55.94353185478471,sentences.sings.modern
14,-3.185042521272832,55.94353185478471,210,-3.185272334605768,55.9433390185018,null
15,-3.185272334605768,55.9433390185018,210,-3.1855021479387036,55.9431461822189,toned.deflection.bland
16,-3.1855021479387036,55.9431461822189,180,-3.1857975902646074,55.943094087765594,null
17,-3.1857975902646074,55.943094087765594,180,-3.1860930325905112,55.94304199331229,null
18,-3.1860930325905112,55.94304199331229,170,-3.186374940376747,55.94293938726929,hers.banks.goat
19,-3.186374940376747,55.94293938726929,110,-3.186670382702651,55.94288729281599,null
20,-3.186670382702651,55.94288729281599,140,-3.186970382702651,55.94288729281599,valve.elaborate.fortunate
21,-3.186970382702651,55.94288729281599,150,-3.1872522904888867,55.94298989885899,null
22,-3.1872522904888867,55.94298989885899,160,-3.1875341982751224,55.94309250490199,null
23,-3.1875341982751224,55.94309250490199,160,-3.187816106061358,55.94319511094499,gums.clock.modes
24,-3.187816106061358,55.94319511094499,120,-3.187966106061358,55.943454918566125,null
25,-3.187966106061358,55.943454918566125,120,-3.1881161060613583,55.94371472618726,cubs.trucks.help
26,-3.1881161060613583,55.94371472618726,170,-3.188411548387262,55.94376682064056,null
27,-3.188411548387262,55.94376682064056,160,-3.188693456173498,55.94386942668356,null
28,-3.188693456173498,55.94386942668356,170,-3.1889888984994017,55.943921521136865,noted.friday.jams
29,-3.1889888984994017,55.943921521136865,190,-3.1892843408253055,55.94386942668356,null
30,-3.1892843408253055,55.94386942668356,180,-3.1895797831512094,55.94381733223026,burn.spot.across
31,-3.1895797831512094,55.94381733223026,200,-3.189839590772345,55.94366733223026,null
32,-3.189839590772345,55.94366733223026,200,-3.1900993983934804,55.943517332230265,arts.dish.scarcely
33,-3.1900993983934804,55.943517332230265,270,-3.1900473039401804,55.94322188990436,shows.fries.lamp
34,-3.1900473039401804,55.94322188990436,290,-3.1898973039401803,55.94296208228322,null
35,-3.1898973039401803,55.94296208228322,280,-3.1897946978971827,55.942680174496985,hooked.shine.third
36,-3.1897946978971827,55.942680174496985,110,-3.190094697897183,55.942680174496985,null
37,-3.190094697897183,55.942680174496985,170,-3.190394697897183,55.942680174496985,null
38,-3.190394697897183,55.942680174496985,170,-3.1906946978971833,55.942680174496985,null
39,-3.1906946978971833,55.942680174496985,160,-3.190990140223087,55.94273226895029,along.spill.limp
40,-3.190990140223087,55.94273226895029,70,-3.1908875341800895,55.943014176736526,null
41,-3.1908875341800895,55.943014176736526,70,-3.190784928137092,55.943296084522764,null
42,-3.190784928137092,55.943296084522764,60,-3.190634928137092,55.9435558921439,null
43,-3.190634928137092,55.9435558921439,70,-3.190532322094094,55.94383779993014,pump.wheels.hulk
44,-3.190532322094094,55.94383779993014,110,-3.190634928137092,55.944119707716375,null
45,-3.190634928137092,55.944119707716375,110,-3.1907375341800894,55.94440161550261,null
46,-3.1907375341800894,55.94440161550261,120,-3.1908875341800895,55.94466142312375,null
47,-3.1908875341800895,55.94466142312375,110,-3.190990140223087,55.944943330909986,shapes.sheep.nature
48,-3.190990140223087,55.944943330909986,90,-3.190990140223087,55.94524333090999,maple.limit.hotels
49,-3.190990140223087,55.94524333090999,130,-3.191182976505993,55.945473144242925,skins.engage.best
50,-3.191182976505993,55.945473144242925,340,-3.190887534180089,55.94542104978962,null
51,-3.190887534180089,55.94542104978962,0,-3.190587534180089,55.94542104978962,jump.crop.fits
52,-3.190587534180089,55.94542104978962,10,-3.190292091854185,55.945473144242925,null
53,-3.190292091854185,55.945473144242925,0,-3.189992091854185,55.945473144242925,turkey.limit.ramp
54,-3.189992091854185,55.945473144242925,20,-3.189710184067949,55.945575750285926,null
55,-3.189710184067949,55.945575750285926,10,-3.1894147417420453,55.94562784473923,museum.spicy.horns
56,-3.1894147417420453,55.94562784473923,80,-3.1893626472887453,55.945923287065135,coherent.saints.stuck
57,-3.1893626472887453,55.945923287065135,340,-3.1890672049628415,55.94587119261183,null
58,-3.1890672049628415,55.94587119261183,340,-3.1887717626369376,55.94581909815853,null
59,-3.1887717626369376,55.94581909815853,340,-3.188476320311034,55.94576700370523,bend.tubes.chops
60,-3.188476320311034,55.94576700370523,290,-3.1883263203110337,55.945507196084094,null
61,-3.1883263203110337,55.945507196084094,290,-3.1881763203110336,55.94524738846296,null
62,-3.1881763203110336,55.94524738846296,220,-3.1880263203110335,55.944987580841826,agents.mile.crib
63,-3.1880263203110335,55.944987580841826,90,-3.1880263203110335,55.94528758084183,null
64,-3.1880263203110335,55.94528758084183,170,-3.1878763203110334,55.945027773220694,null
65,-3.1878763203110334,55.945027773220694,130,-3.188069156593939,55.94525758655363,null
66,-3.188069156593939,55.94525758655363,100,-3.188121251047239,55.94555302887954,null
67,-3.188121251047239,55.94555302887954,10,-3.1878258087213354,55.94560512333284,null
68,-3.1878258087213354,55.94560512333284,0,-3.187525808721335,55.94560512333284,null
69,-3.187525808721335,55.94560512333284,10,-3.1872303663954313,55.94565721778614,diner.leaves.mutual
70,-3.1872303663954313,55.94565721778614,10,-3.1869349240695275,55.945709312239444,null
71,-3.1869349240695275,55.945709312239444,10,-3.1866394817436237,55.945761406692746,null
72,-3.1866394817436237,55.945761406692746,20,-3.186357573957388,55.94586401273575,null
73,-3.186357573957388,55.94586401273575,10,-3.186062131631484,55.94591610718905,null
74,-3.186062131631484,55.94591610718905,20,-3.1857802238452484,55.94601871323205,null
75,-3.1857802238452484,55.94601871323205,10,-3.1854847815193446,55.94607080768535,prime.rent.silk
76,-3.1854847815193446,55.94607080768535,160,-3.1854326870660445,55.945775365359445,null
77,-3.1854326870660445,55.945775365359445,270,-3.1853805926127445,55.94547992303354,null
78,-3.1853805926127445,55.94547992303354,270,-3.1853284981594445,55.94518448070763,null
79,-3.1853284981594445,55.94518448070763,270,-3.1852764037061445,55.944889038381724,null
80,-3.1852764037061445,55.944889038381724,270,-3.1852243092528445,55.94459359605582,acid.chair.butter
81,-3.1852243092528445,55.94459359605582,170,-3.1855243092528447,55.94459359605582,null
82,-3.1855243092528447,55.94459359605582,170,-3.185824309252845,55.94459359605582,null
83,-3.185824309252845,55.94459359605582,170,-3.186124309252845,55.94459359605582,null
84,-3.186124309252845,55.94459359605582,170,-3.1864243092528453,55.94459359605582,null
85,-3.1864243092528453,55.94459359605582,160,-3.186719751578749,55.94464569050912,null
86,-3.186719751578749,55.94464569050912,90,-3.1870197515787493,55.94464569050912,null
87,-3.1870197515787493,55.94464569050912,20,-3.187315193904653,55.94459359605582,null
88,-3.187315193904653,55.94459359605582,10,-3.187610636230557,55.944541501602515,null
89,-3.187610636230557,55.944541501602515,60,-3.187906078556461,55.94459359605582,null
90,-3.187906078556461,55.94459359605582,100,-3.1882015208823646,55.94464569050912,null
91,-3.1882015208823646,55.94464569050912,170,-3.1884969632082685,55.94469778496242,null
92,-3.1884969632082685,55.94469778496242,170,-3.1887924055341723,55.944749879415724,null
93,-3.1887924055341723,55.944749879415724,170,-3.189087847860076,55.944801973869026,null
94,-3.189087847860076,55.944801973869026,170,-3.18938329018598,55.94485406832233,null
95,-3.18938329018598,55.94485406832233,170,-3.189678732511884,55.94490616277563,null
96,-3.189678732511884,55.94490616277563,180,-3.189978732511884,55.94490616277563,null
97,-3.189978732511884,55.94490616277563,160,-3.190274174837788,55.94495825722893,null
98,-3.190274174837788,55.94495825722893,180,-3.190574174837788,55.94495825722893,null
99,-3.190574174837788,55.94495825722893,160,-3.190869617163692,55.945010351682235,null
100,-3.190869617163692,55.945010351682235,180,-3.191169617163692,55.945010351682235,null
101,-3.191169617163692,55.945010351682235,160,-3.191465059489596,55.94506244613554,null
102,-3.191465059489596,55.94506244613554,180,-3.191765059489596,55.94506244613554,null
103,-3.191765059489596,55.94506244613554,160,-3.1920605018155,55.94511454058884,useful.hike.trades
104,-3.1920605018155,55.94511454058884,350,-3.191765059489596,55.94506244613554,null
105,-3.191765059489596,55.94506244613554,350,-3.1914696171636923,55.945010351682235,null
106,-3.1914696171636923,55.945010351682235,350,-3.1911741748377884,55.94495825722893,null
107,-3.1911741748377884,55.94495825722893,350,-3.1908787325118846,55.94490616277563,null
108,-3.1908787325118846,55.94490616277563,350,-3.1905832901859807,55.94485406832233,null
109,-3.1905832901859807,55.94485406832233,350,-3.190287847860077,55.944801973869026,null
110,-3.190287847860077,55.944801973869026,350,-3.189992405534173,55.944749879415724,null
111,-3.189992405534173,55.944749879415724,350,-3.1896969632082692,55.94469778496242,null
112,-3.1896969632082692,55.94469778496242,350,-3.1894015208823654,55.94464569050912,null
113,-3.1894015208823654,55.94464569050912,350,-3.1891060785564616,55.94459359605582,null
114,-3.1891060785564616,55.94459359605582,350,-3.1888106362305577,55.944541501602515,null
115,-3.1888106362305577,55.944541501602515,340,-3.188528728444322,55.944438895559514,null
