1,-3.188396,55.944425,260,-3.1884480944533,55.944129557674096,trades.rare.cable
2,-3.1884480944533,55.944129557674096,330,-3.1881661866670643,55.944026951631095,rush.crown.link
3,-3.1881661866670643,55.944026951631095,270,-3.1881140922137643,55.94373150930519,cubs.trucks.help
4,-3.1881140922137643,55.94373150930519,290,-3.187964092213764,55.943471701684054,scare.cubs.resort
5,-3.187964092213764,55.943471701684054,290,-3.187814092213764,55.94321189406292,gums.clock.modes
6,-3.187814092213764,55.94321189406292,40,-3.1875842788808284,55.943404730345826,null
7,-3.1875842788808284,55.943404730345826,40,-3.1873544655478927,55.94359756662873,shut.stands.media
8,-3.1873544655478927,55.94359756662873,290,-3.1872044655478926,55.9433377590076,scale.chair.kinds
9,-3.1872044655478926,55.9433377590076,110,-3.18730707159089,55.943619666793836,null
10,-3.18730707159089,55.943619666793836,130,-3.187499907873796,55.94384948012677,begins.spider.drips
11,-3.187499907873796,55.94384948012677,120,-3.187649907873796,55.94410928774791,bound.ends.matter
12,-3.187649907873796,55.94410928774791,120,-3.187799907873796,55.94436909536904,thank.salsa.brain
13,-3.187799907873796,55.94436909536904,180,-3.188081815660032,55.94426648932604,null
14,-3.188081815660032,55.94426648932604,190,-3.1883637234462676,55.94416388328304,null
15,-3.1883637234462676,55.94416388328304,190,-3.1886456312325033,55.94406127724004,null
16,-3.1886456312325033,55.94406127724004,190,-3.188927539018739,55.94395867119704,noted.friday.jams
17,-3.188927539018739,55.94395867119704,270,-3.188875444565439,55.94366322887113,labels.hotels.alert
18,-3.188875444565439,55.94366322887113,290,-3.188725444565439,55.94340342125,system.speak.guard
19,-3.188725444565439,55.94340342125,280,-3.1886228385224413,55.94312151346376,groups.ideas.script
20,-3.1886228385224413,55.94312151346376,180,-3.188918280848345,55.943069419010456,null
21,-3.188918280848345,55.943069419010456,180,-3.189213723174249,55.943017324557154,region.passes.pencil
22,-3.189213723174249,55.943017324557154,110,-3.189363723174249,55.94327713217829,rents.cone.stove
23,-3.189363723174249,55.94327713217829,120,-3.189513723174249,55.94353693979942,cars.attend.hotels
24,-3.189513723174249,55.94353693979942,110,-3.189616329217247,55.94381884758566,burn.spot.across
25,-3.189616329217247,55.94381884758566,130,-3.1898091655001526,55.9440486609186,cliff.asleep.wedge
26,-3.1898091655001526,55.9440486609186,210,-3.190068973121288,55.9438986609186,null
27,-3.190068973121288,55.9438986609186,210,-3.190298786454224,55.94370582463569,sculpture.shot.melon
28,-3.190298786454224,55.94370582463569,280,-3.190196180411226,55.943423916849454,arts.dish.scarcely
29,-3.190196180411226,55.943423916849454,290,-3.190046180411226,55.94316410922832,shows.fries.lamp
30,-3.190046180411226,55.94316410922832,290,-3.189896180411226,55.942904301607186,second.launch.miles
31,-3.189896180411226,55.942904301607186,180,-3.19019162273713,55.942852207153884,null
32,-3.19019162273713,55.942852207153884,170,-3.19049162273713,55.942852207153884,tonic.bliss.cove
33,-3.19049162273713,55.942852207153884,120,-3.190684459020036,55.94308202048682,relate.chill.vest
34,-3.190684459020036,55.94308202048682,180,-3.190984459020036,55.94308202048682,else.urban.museum
35,-3.190984459020036,55.94308202048682,110,-3.191134459020036,55.943341828107954,meal.feed.large
36,-3.191134459020036,55.943341828107954,90,-3.191134459020036,55.94364182810796,loaf.cheer.slave
37,-3.191134459020036,55.94364182810796,90,-3.191134459020036,55.94394182810796,spicy.bunch.shady
38,-3.191134459020036,55.94394182810796,80,-3.191082364566736,55.94423727043387,hills.giant.crate
39,-3.191082364566736,55.94423727043387,330,-3.1908004567805004,55.944134664390866,null
40,-3.1908004567805004,55.944134664390866,330,-3.1905185489942647,55.944032058347865,pump.wheels.hulk
41,-3.1905185489942647,55.944032058347865,10,-3.190223106668361,55.94408415280117,null
42,-3.190223106668361,55.94408415280117,10,-3.189927664342457,55.94413624725447,null
43,-3.189927664342457,55.94413624725447,0,-3.189627664342457,55.94413624725447,null
44,-3.189627664342457,55.94413624725447,10,-3.189332222016553,55.94418834170777,spoon.invest.every
45,-3.189332222016553,55.94418834170777,210,-3.1895620353494887,55.943995505424866,null
46,-3.1895620353494887,55.943995505424866,210,-3.1897918486824244,55.94380266914196,null
47,-3.1897918486824244,55.94380266914196,210,-3.19002166201536,55.94360983285905,null
48,-3.19002166201536,55.94360983285905,210,-3.190251475348296,55.94341699657615,null
49,-3.190251475348296,55.94341699657615,210,-3.1904812886812315,55.94322416029324,null
50,-3.1904812886812315,55.94322416029324,210,-3.190711102014167,55.943031324010335,null
51,-3.190711102014167,55.943031324010335,200,-3.1909709096353027,55.94288132401034,null
52,-3.1909709096353027,55.94288132401034,210,-3.1912007229682384,55.94268848772743,along.spill.limp
53,-3.1912007229682384,55.94268848772743,30,-3.190940915347103,55.94283848772743,null
54,-3.190940915347103,55.94283848772743,30,-3.1906811077259674,55.942988487727426,null
55,-3.1906811077259674,55.942988487727426,30,-3.190421300104832,55.943138487727424,null
56,-3.190421300104832,55.943138487727424,30,-3.1901614924836963,55.94328848772742,null
57,-3.1901614924836963,55.94328848772742,30,-3.1899016848625608,55.94343848772742,null
58,-3.1899016848625608,55.94343848772742,30,-3.1896418772414252,55.94358848772742,null
59,-3.1896418772414252,55.94358848772742,30,-3.1893820696202897,55.943738487727416,null
60,-3.1893820696202897,55.943738487727416,30,-3.189122261999154,55.94388848772741,null
61,-3.189122261999154,55.94388848772741,40,-3.1888924486662185,55.94408132401032,null
62,-3.1888924486662185,55.94408132401032,30,-3.188632641045083,55.94423132401032,null
63,-3.188632641045083,55.94423132401032,40,-3.1884028277121472,55.944424160293224,null
