82 41
83 52
57 73
48 1
47 35
55 15
11 77
70 83
82 44
16 39
78 30
93 82
56 38
88 7
32 38
30 20
38 74
34 90
35 86
14 39
31 68
33 94
72 40
32 66
94 12
99 97
93 57
52 17
62 20
75 73
32 17
12 91
23 59
97 97
41 4
92 46
69 41
82 20
76 91
17 10
21 8
22 78
35 45
54 83
90 97
50 61
10 16
46 34
62 90
44 7
80 28
16 7
57 30
43 67
86 51
41 8
19 25
89 58
48 27
61 5
22 65
25 49
13 45
29 2
9 77
25 74
42 59
18 28
56 98
94 66
5 87
89 63
76 37
43 8
31 11
23 88
87 69
80 70
30 5
31 80
64 35
54 37
71 89
17 8
5 6
9 84
40 52
42 37
1 79
17 64
54 44
12 77
99 72
93 41
56 86
82 1
18 58
74 74
4 18
52 90
