1 100 77
2 100 10
3 100 16
4 100 73
5 100 68
6 100 30
7 100 34
8 100 1
9 100 2
10 100 73
11 100 58
12 100 68
13 100 49
14 100 38
15 100 59
16 100 83
17 100 87
18 100 44
19 100 83
20 100 22
21 100 52
22 100 1
23 100 42
24 100 3
25 100 17
26 100 85
27 100 82
28 100 55
29 100 18
30 100 65
31 100 89
32 100 19
33 100 12
34 100 46
35 100 37
36 100 13
37 100 53
38 100 27
39 100 88
40 100 80
41 100 70
42 100 100
43 100 75
44 100 9
45 100 46
46 100 14
47 100 87
48 100 12
49 100 64
50 100 75
51 100 14
52 100 24
53 100 6
54 100 81
55 100 70
56 100 22
57 100 69
58 100 16
59 100 56
60 100 82
61 100 4
62 100 45
63 100 41
64 100 55
65 100 94
66 100 20
67 100 61
68 100 56
69 100 67
70 100 47
71 100 11
72 100 40
73 100 39
74 100 2
75 100 44
76 100 26
77 100 86
78 100 45
79 100 78
80 100 81
81 100 18
82 100 45
83 100 18
84 100 36
85 100 8
86 100 31
87 100 93
88 100 27
89 100 74
90 100 75
91 100 38
92 100 29
93 100 48
94 100 11
95 100 65
96 100 78
97 100 38
98 100 6
99 100 62
0 99 70
1 99 1
2 99 16
3 99 54
4 99 26
5 99 82
6 99 95
7 99 78
8 99 82
9 99 100
10 99 10
11 99 87
12 99 91
13 99 42
14 99 90
15 99 92
16 99 7
17 99 8
18 99 8
19 99 93
20 99 77
21 99 66
22 99 86
23 99 82
24 99 39
25 99 44
26 99 99
27 99 1
28 99 4
29 99 48
30 99 23
31 99 91
32 99 15
33 99 72
34 99 38
35 99 32
36 99 6
37 99 10
38 99 9
39 99 39
40 99 93
41 99 80
42 99 46
43 99 50
44 99 67
45 99 94
46 99 25
47 99 13
48 99 54
49 99 87
50 99 12
51 99 73
52 99 30
53 99 61
54 99 55
55 99 43
56 99 42
57 99 100
58 99 69
59 99 99
60 99 27
61 99 44
62 99 6
63 99 9
64 99 12
65 99 13
66 99 100
67 99 21
68 99 78
69 99 38
70 99 82
71 99 66
72 99 74
73 99 75
74 99 2
75 99 64
76 99 62
77 99 80
78 99 81
79 99 17
80 99 71
81 99 16
82 99 10
83 99 6
84 99 58
85 99 100
86 99 43
87 99 18
88 99 49
89 99 67
90 99 16
91 99 44
92 99 87
93 99 51
94 99 66
95 99 33
96 99 36
97 99 49
98 99 12
0 98 76
1 98 78
2 98 91
3 98 38
4 98 5
5 98 4
6 98 7
7 98 6
8 98 19
9 98 45
10 98 67
11 98 97
12 98 5
13 98 33
14 98 99
15 98 53
16 98 14
17 98 68
18 98 51
19 98 53
20 98 24
21 98 76
22 98 66
23 98 58
24 98 86
25 98 2
26 98 6
27 98 19
28 98 51
29 98 58
30 98 29
31 98 66
32 98 59
33 98 25
34 98 35
35 98 23
36 98 77
37 98 5
38 98 39
39 98 87
40 98 24
41 98 77
42 98 65
43 98 13
44 98 52
45 98 40
46 98 16
47 98 12
48 98 55
49 98 34
50 98 39
51 98 20
52 98 91
53 98 48
54 98 8
55 98 10
56 98 87
57 98 99
58 98 22
59 98 7
60 98 23
61 98 21
62 98 38
63 98 100
64 98 98
65 98 20
66 98 32
67 98 30
68 98 80
69 98 97
70 98 27
71 98 38
72 98 9
73 98 37
74 98 68
75 98 45
76 98 19
77 98 77
78 98 96
79 98 79
80 98 84
81 98 8
82 98 9
83 98 19
84 98 23
85 98 86
86 98 97
87 98 91
88 98 38
89 98 16
90 98 1
91 98 89
92 98 31
93 98 92
94 98 10
95 98 55
96 98 31
97 98 47
0 97 82
1 97 98
2 97 87
3 97 40
4 97 80
5 97 75
6 97 36
7 97 29
8 97 12
9 97 94
10 97 36
11 97 66
12 97 98
13 97 66
14 97 7
15 97 26
16 97 35
17 97 91
18 97 66
19 97 82
20 97 88
21 97 55
22 97 96
23 97 21
24 97 72
25 97 59
26 97 91
27 97 99
28 97 65
29 97 80
30 97 33
31 97 55
32 97 49
33 97 56
34 97 48
35 97 19
36 97 84
37 97 49
38 97 16
39 97 55
40 97 50
41 97 31
42 97 13
43 97 28
44 97 82
45 97 84
46 97 64
47 97 76
48 97 84
49 97 1
50 97 64
51 97 44
52 97 30
53 97 28
54 97 72
55 97 67
56 97 12
57 97 35
58 97 70
59 97 12
60 97 52
61 97 6
62 97 60
63 97 36
64 97 5
65 97 74
66 97 3
67 97 14
68 97 4
69 97 38
70 97 79
71 97 77
72 97 12
73 97 46
74 97 3
75 97 14
76 97 22
77 97 78
78 97 80
79 97 18
80 97 12
81 97 83
82 97 54
83 97 30
84 97 69
85 97 17
86 97 34
87 97 98
88 97 92
89 97 45
90 97 25
91 97 83
92 97 38
93 97 21
94 97 20
95 97 76
96 97 13
0 96 97
1 96 63
2 96 19
3 96 91
4 96 21
5 96 39
6 96 11
7 96 79
8 96 88
9 96 51
10 96 49
11 96 36
12 96 59
13 96 52
14 96 80
15 96 43
16 96 16
17 96 51
18 96 74
19 96 89
20 96 4
21 96 14
22 96 51
23 96 81
24 96 15
25 96 22
26 96 30
27 96 1
28 96 24
29 96 12
30 96 73
31 96 46
32 96 81
33 96 54
34 96 99
35 96 98
36 96 81
37 96 1
38 96 98
39 96 25
40 96 28
41 96 92
42 96 30
43 96 17
44 96 80
45 96 56
46 96 52
47 96 16
48 96 14
49 96 33
50 96 36
51 96 93
52 96 78
53 96 29
54 96 31
55 96 82
56 96 91
57 96 71
58 96 69
59 96 14
60 96 73
61 96 31
62 96 93
63 96 23
64 96 27
65 96 82
66 96 69
67 96 91
68 96 32
69 96 14
70 96 63
71 96 1
72 96 68
73 96 24
74 96 87
75 96 5
76 96 56
77 96 53
78 96 97
79 96 19
80 96 57
81 96 63
82 96 96
83 96 84
84 96 50
85 96 15
86 96 58
87 96 85
88 96 70
89 96 86
90 96 92
91 96 1
92 96 63
93 96 58
94 96 23
95 96 19
0 95 68
1 95 34
2 95 70
3 95 72
4 95 81
5 95 4
6 95 86
7 95 99
8 95 56
9 95 90
10 95 47
11 95 34
12 95 61
13 95 65
14 95 41
15 95 68
16 95 73
17 95 72
18 95 22
19 95 45
20 95 42
21 95 24
22 95 26
23 95 75
24 95 76
25 95 8
26 95 45
27 95 7
28 95 42
29 95 71
30 95 7
31 95 22
32 95 36
33 95 58
34 95 49
35 95 2
36 95 42
37 95 65
38 95 99
39 95 18
40 95 10
41 95 83
42 95 47
43 95 53
44 95 53
45 95 33
46 95 96
47 95 56
48 95 93
49 95 11
50 95 41
51 95 26
52 95 39
53 95 94
54 95 57
55 95 69
56 95 15
57 95 8
58 95 74
59 95 54
60 95 100
61 95 24
62 95 96
63 95 15
64 95 36
65 95 6
66 95 97
67 95 81
68 95 97
69 95 81
70 95 91
71 95 10
72 95 30
73 95 21
74 95 67
75 95 95
76 95 44
77 95 99
78 95 9
79 95 31
80 95 77
81 95 17
82 95 7
83 95 96
84 95 76
85 95 51
86 95 52
87 95 97
88 95 99
89 95 13
90 95 7
91 95 31
92 95 46
93 95 82
94 95 4
0 94 27
1 94 37
2 94 60
3 94 50
4 94 48
5 94 17
6 94 46
7 94 75
8 94 10
9 94 83
10 94 11
11 94 16
12 94 30
13 94 3
14 94 13
15 94 94
16 94 59
17 94 83
18 94 72
19 94 93
20 94 39
21 94 4
22 94 27
23 94 72
24 94 73
25 94 62
26 94 39
27 94 61
28 94 46
29 94 42
30 94 32
31 94 73
32 94 82
33 94 54
34 94 88
35 94 24
36 94 74
37 94 94
38 94 85
39 94 11
40 94 33
41 94 15
42 94 50
43 94 86
44 94 16
45 94 23
46 94 28
47 94 51
48 94 18
49 94 40
50 94 7
51 94 76
52 94 80
53 94 19
54 94 50
55 94 22
56 94 92
57 94 49
58 94 98
59 94 48
60 94 74
61 94 88
62 94 59
63 94 20
64 94 20
65 94 49
66 94 89
67 94 61
68 94 14
69 94 18
70 94 42
71 94 33
72 94 9
73 94 7
74 94 47
75 94 17
76 94 50
77 94 47
78 94 43
79 94 17
80 94 61
81 94 56
82 94 59
83 94 88
84 94 96
85 94 66
86 94 24
87 94 37
88 94 34
89 94 5
90 94 87
91 94 40
92 94 41
93 94 47
0 93 77
1 93 78
2 93 96
3 93 63
4 93 74
5 93 39
6 93 98
7 93 87
8 93 25
9 93 25
10 93 90
11 93 99
12 93 8
13 93 87
14 93 16
15 93 71
16 93 24
17 93 34
18 93 78
19 93 41
20 93 14
21 93 44
22 93 44
23 93 53
24 93 45
25 93 2
26 93 42
27 93 35
28 93 29
29 93 11
30 93 9
31 93 76
32 93 56
33 93 76
34 93 79
35 93 80
36 93 41
37 93 67
38 93 7
39 93 80
40 93 49
41 93 68
42 93 51
43 93 71
44 93 41
45 93 38
46 93 24
47 93 91
48 93 6
49 93 72
50 93 81
51 93 50
52 93 99
53 93 86
54 93 61
55 93 48
56 93 1
57 93 57
58 93 25
59 93 51
60 93 51
61 93 70
62 93 11
63 93 2
64 93 21
65 93 83
66 93 45
67 93 11
68 93 15
69 93 53
70 93 66
71 93 29
72 93 44
73 93 36
74 93 64
75 93 43
76 93 43
77 93 24
78 93 56
79 93 22
80 93 2
81 93 60
82 93 59
83 93 45
84 93 75
85 93 16
86 93 76
87 93 83
88 93 57
89 93 19
90 93 36
91 93 35
92 93 39
0 92 78
1 92 79
2 92 59
3 92 87
4 92 70
5 92 81
6 92 60
7 92 20
8 92 46
9 92 87
10 92 52
11 92 85
12 92 6
13 92 92
14 92 67
15 92 32
16 92 44
17 92 96
18 92 30
19 92 54
20 92 33
21 92 87
22 92 99
23 92 42
24 92 5
25 92 6
26 92 88
27 92 75
28 92 45
29 92 37
30 92 2
31 92 54
32 92 69
33 92 33
34 92 9
35 92 52
36 92 95
37 92 74
38 92 64
39 92 95
40 92 83
41 92 41
42 92 72
43 92 33
44 92 50
45 92 16
46 92 71
47 92 74
48 92 100
49 92 85
50 92 97
51 92 59
52 92 18
53 92 75
54 92 16
55 92 93
56 92 75
57 92 45
58 92 83
59 92 9
60 92 29
61 92 31
62 92 82
63 92 98
64 92 87
65 92 37
66 92 43
67 92 54
68 92 88
69 92 40
70 92 2
71 92 94
72 92 8
73 92 85
74 92 27
75 92 83
76 92 91
77 92 1
78 92 24
79 92 51
80 92 82
81 92 79
82 92 18
83 92 25
84 92 32
85 92 55
86 92 60
87 92 63
88 92 29
89 92 33
90 92 1
91 92 82
0 91 85
1 91 21
2 91 94
3 91 41
4 91 18
5 91 78
6 91 35
7 91 82
8 91 48
9 91 46
10 91 80
11 91 60
12 91 73
13 91 42
14 91 26
15 91 48
16 91 62
17 91 17
18 91 33
19 91 52
20 91 54
21 91 65
22 91 21
23 91 45
24 91 88
25 91 95
26 91 19
27 91 3
28 91 4
29 91 71
30 91 82
31 91 20
32 91 39
33 91 18
34 91 2
35 91 71
36 91 40
37 91 61
38 91 10
39 91 88
40 91 1
41 91 6
42 91 82
43 91 73
44 91 47
45 91 85
46 91 79
47 91 84
48 91 79
49 91 28
50 91 46
51 91 88
52 91 78
53 91 14
54 91 82
55 91 28
56 91 72
57 91 43
58 91 56
59 91 37
60 91 73
61 91 51
62 91 40
63 91 100
64 91 31
65 91 78
66 91 81
67 91 46
68 91 36
69 91 7
70 91 68
71 91 13
72 91 89
73 91 74
74 91 15
75 91 50
76 91 51
77 91 87
78 91 67
79 91 71
80 91 53
81 91 36
82 91 27
83 91 60
84 91 5
85 91 67
86 91 11
87 91 72
88 91 32
89 91 79
90 91 66
0 90 92
1 90 54
2 90 100
3 90 46
4 90 55
5 90 28
6 90 98
7 90 46
8 90 80
9 90 51
10 90 59
11 90 37
12 90 88
13 90 59
14 90 23
15 90 83
16 90 41
17 90 22
18 90 95
19 90 71
20 90 96
21 90 67
22 90 31
23 90 68
24 90 13
25 90 75
26 90 97
27 90 83
28 90 52
29 90 92
30 90 40
31 90 49
32 90 56
33 90 2
34 90 68
35 90 33
36 90 4
37 90 8
38 90 90
39 90 85
40 90 36
41 90 49
42 90 24
43 90 72
44 90 68
45 90 88
46 90 76
47 90 54
48 90 72
49 90 49
50 90 56
51 90 73
52 90 36
53 90 20
54 90 8
55 90 54
56 90 47
57 90 79
58 90 44
59 90 40
60 90 44
61 90 3
62 90 17
63 90 27
64 90 35
65 90 26
66 90 25
67 90 99
68 90 48
69 90 60
70 90 3
71 90 72
72 90 77
73 90 20
74 90 69
75 90 1
76 90 36
77 90 38
78 90 1
79 90 34
80 90 4
81 90 35
82 90 78
83 90 64
84 90 82
85 90 25
86 90 30
87 90 9
88 90 39
89 90 30
0 89 14
1 89 90
2 89 21
3 89 24
4 89 44
5 89 83
6 89 82
7 89 34
8 89 58
9 89 91
10 89 68
11 89 19
12 89 98
13 89 47
14 89 34
15 89 41
16 89 77
17 89 40
18 89 71
19 89 80
20 89 14
21 89 62
22 89 65
23 89 30
24 89 10
25 89 4
26 89 86
27 89 68
28 89 22
29 89 28
30 89 75
31 89 26
32 89 3
33 89 32
34 89 47
35 89 31
36 89 15
37 89 77
38 89 95
39 89 35
40 89 29
41 89 17
42 89 42
43 89 89
44 89 35
45 89 53
46 89 82
47 89 64
48 89 47
49 89 99
50 89 74
51 89 19
52 89 48
53 89 61
54 89 60
55 89 55
56 89 79
57 89 5
58 89 11
59 89 81
60 89 96
61 89 3
62 89 57
63 89 33
64 89 79
65 89 35
66 89 17
67 89 43
68 89 17
69 89 27
70 89 69
71 89 55
72 89 89
73 89 67
74 89 88
75 89 54
76 89 2
77 89 37
78 89 86
79 89 11
80 89 26
81 89 53
82 89 95
83 89 73
84 89 31
85 89 58
86 89 63
87 89 8
88 89 68
0 88 81
1 88 27
2 88 17
3 88 83
4 88 40
5 88 73
6 88 65
7 88 83
8 88 8
9 88 65
10 88 45
11 88 46
12 88 51
13 88 97
14 88 10
15 88 2
16 88 97
17 88 98
18 88 33
19 88 92
20 88 92
21 88 40
22 88 51
23 88 62
24 88 77
25 88 74
26 88 58
27 88 14
28 88 67
29 88 53
30 88 59
31 88 89
32 88 98
33 88 57
34 88 58
35 88 2
36 88 8
37 88 82
38 88 33
39 88 95
40 88 37
41 88 98
42 88 65
43 88 8
44 88 90
45 88 6
46 88 73
47 88 93
48 88 1
49 88 33
50 88 31
51 88 33
52 88 93
53 88 75
54 88 2
55 88 83
56 88 23
57 88 37
58 88 59
59 88 95
60 88 31
61 88 57
62 88 59
63 88 55
64 88 51
65 88 16
66 88 17
67 88 38
68 88 95
69 88 35
70 88 88
71 88 10
72 88 57
73 88 80
74 88 35
75 88 50
76 88 19
77 88 98
78 88 55
79 88 37
80 88 59
81 88 46
82 88 54
83 88 72
84 88 93
85 88 69
86 88 87
87 88 19
0 87 13
1 87 31
2 87 28
3 87 29
4 87 48
5 87 81
6 87 93
7 87 49
8 87 97
9 87 59
10 87 20
11 87 51
12 87 37
13 87 48
14 87 70
15 87 67
16 87 9
17 87 41
18 87 22
19 87 60
20 87 58
21 87 7
22 87 40
23 87 73
24 87 54
25 87 29
26 87 88
27 87 7
28 87 88
29 87 56
30 87 5
31 87 33
32 87 82
33 87 2
34 87 66
35 87 72
36 87 73
37 87 6
38 87 19
39 87 94
40 87 73
41 87 36
42 87 54
43 87 32
44 87 67
45 87 32
46 87 3
47 87 50
48 87 67
49 87 66
50 87 12
51 87 63
52 87 8
53 87 58
54 87 94
55 87 65
56 87 55
57 87 93
58 87 39
59 87 6
60 87 78
61 87 25
62 87 10
63 87 8
64 87 91
65 87 11
66 87 35
67 87 43
68 87 44
69 87 2
70 87 61
71 87 5
72 87 67
73 87 36
74 87 42
75 87 38
76 87 1
77 87 86
78 87 41
79 87 72
80 87 43
81 87 27
82 87 29
83 87 48
84 87 8
85 87 4
86 87 95
0 86 48
1 86 80
2 86 10
3 86 90
4 86 75
5 86 86
6 86 63
7 86 35
8 86 42
9 86 43
10 86 75
11 86 45
12 86 15
13 86 75
14 86 67
15 86 83
16 86 2
17 86 44
18 86 14
19 86 40
20 86 47
21 86 24
22 86 2
23 86 75
24 86 43
25 86 77
26 86 12
27 86 53
28 86 10
29 86 85
30 86 80
31 86 20
32 86 72
33 86 81
34 86 16
35 86 39
36 86 93
37 86 34
38 86 80
39 86 36
40 86 65
41 86 49
42 86 78
43 86 26
44 86 40
45 86 11
46 86 8
47 86 43
48 86 20
49 86 1
50 86 48
51 86 30
52 86 77
53 86 18
54 86 73
55 86 58
56 86 20
57 86 12
58 86 16
59 86 3
60 86 66
61 86 87
62 86 42
63 86 98
64 86 60
65 86 11
66 86 30
67 86 93
68 86 5
69 86 44
70 86 45
71 86 49
72 86 30
73 86 49
74 86 46
75 86 18
76 86 79
77 86 44
78 86 86
79 86 61
80 86 34
81 86 56
82 86 28
83 86 79
84 86 70
85 86 94
0 85 19
1 85 43
2 85 23
3 85 73
4 85 8
5 85 63
6 85 91
7 85 13
8 85 17
9 85 81
10 85 71
11 85 61
12 85 47
13 85 72
14 85 68
15 85 40
16 85 13
17 85 17
18 85 13
19 85 36
20 85 63
21 85 88
22 85 16
23 85 62
24 85 35
25 85 97
26 85 76
27 85 81
28 85 73
29 85 92
30 85 64
31 85 66
32 85 28
33 85 62
34 85 41
35 85 53
36 85 78
37 85 28
38 85 69
39 85 16
40 85 24
41 85 43
42 85 65
43 85 29
44 85 19
45 85 5
46 85 28
47 85 3
48 85 51
49 85 84
50 85 75
51 85 58
52 85 35
53 85 56
54 85 54
55 85 83
56 85 84
57 85 84
58 85 53
59 85 29
60 85 87
61 85 56
62 85 78
63 85 72
64 85 99
65 85 80
66 85 95
67 85 27
68 85 86
69 85 96
70 85 37
71 85 67
72 85 16
73 85 91
74 85 27
75 85 86
76 85 53
77 85 41
78 85 86
79 85 64
80 85 64
81 85 60
82 85 11
83 85 97
84 85 79
0 84 99
1 84 16
2 84 57
3 84 88
4 84 81
5 84 52
6 84 70
7 84 52
8 84 52
9 84 65
10 84 83
11 84 49
12 84 95
13 84 13
14 84 18
15 84 87
16 84 63
17 84 32
18 84 65
19 84 63
20 84 44
21 84 18
22 84 46
23 84 84
24 84 60
25 84 93
26 84 6
27 84 2
28 84 26
29 84 16
30 84 62
31 84 36
32 84 85
33 84 74
34 84 25
35 84 77
36 84 32
37 84 5
38 84 23
39 84 83
40 84 80
41 84 92
42 84 51
43 84 72
44 84 100
45 84 13
46 84 79
47 84 49
48 84 77
49 84 42
50 84 68
51 84 15
52 84 33
53 84 18
54 84 72
55 84 55
56 84 68
57 84 50
58 84 78
59 84 11
60 84 71
61 84 45
62 84 50
63 84 13
64 84 48
65 84 36
66 84 41
67 84 99
68 84 30
69 84 2
70 84 94
71 84 89
72 84 87
73 84 37
74 84 58
75 84 18
76 84 92
77 84 60
78 84 48
79 84 47
80 84 61
81 84 48
82 84 44
83 84 64
0 83 95
1 83 83
2 83 51
3 83 74
4 83 46
5 83 21
6 83 63
7 83 93
8 83 73
9 83 33
10 83 35
11 83 47
12 83 20
13 83 5
14 83 46
15 83 40
16 83 25
17 83 84
18 83 94
19 83 99
20 83 20
21 83 95
22 83 95
23 83 26
24 83 72
25 83 70
26 83 58
27 83 41
28 83 3
29 83 94
30 83 87
31 83 14
32 83 29
33 83 89
34 83 96
35 83 38
36 83 73
37 83 26
38 83 47
39 83 14
40 83 86
41 83 94
42 83 77
43 83 3
44 83 57
45 83 94
46 83 8
47 83 1
48 83 30
49 83 39
50 83 9
51 83 17
52 83 68
53 83 33
54 83 37
55 83 69
56 83 13
57 83 5
58 83 72
59 83 11
60 83 53
61 83 94
62 83 83
63 83 81
64 83 67
65 83 10
66 83 93
67 83 84
68 83 25
69 83 46
70 83 6
71 83 14
72 83 84
73 83 5
74 83 96
75 83 41
76 83 10
77 83 47
78 83 15
79 83 94
80 83 100
81 83 36
82 83 92
0 82 21
1 82 86
2 82 47
3 82 93
4 82 34
5 82 88
6 82 50
7 82 73
8 82 19
9 82 31
10 82 64
11 82 30
12 82 23
13 82 63
14 82 33
15 82 7
16 82 44
17 82 95
18 82 19
19 82 28
20 82 5
21 82 67
22 82 72
23 82 99
24 82 3
25 82 45
26 82 97
27 82 33
28 82 9
29 82 39
30 82 73
31 82 14
32 82 78
33 82 21
34 82 34
35 82 22
36 82 82
37 82 6
38 82 87
39 82 86
40 82 82
41 82 92
42 82 90
43 82 80
44 82 18
45 82 8
46 82 47
47 82 10
48 82 13
49 82 14
50 82 61
51 82 44
52 82 45
53 82 15
54 82 8
55 82 32
56 82 11
57 82 23
58 82 93
59 82 66
60 82 99
61 82 12
62 82 48
63 82 36
64 82 45
65 82 87
66 82 9
67 82 62
68 82 34
69 82 39
70 82 73
71 82 45
72 82 3
73 82 8
74 82 96
75 82 83
76 82 22
77 82 66
78 82 79
79 82 75
80 82 7
81 82 49
0 81 16
1 81 23
2 81 22
3 81 49
4 81 65
5 81 93
6 81 21
7 81 44
8 81 61
9 81 94
10 81 83
11 81 64
12 81 22
13 81 83
14 81 48
15 81 55
16 81 3
17 81 17
18 81 15
19 81 60
20 81 30
21 81 95
22 81 61
23 81 39
24 81 17
25 81 36
26 81 15
27 81 32
28 81 37
29 81 14
30 81 47
31 81 64
32 81 39
33 81 22
34 81 96
35 81 38
36 81 11
37 81 38
38 81 10
39 81 28
40 81 10
41 81 72
42 81 14
43 81 74
44 81 40
45 81 37
46 81 18
47 81 99
48 81 38
49 81 23
50 81 81
51 81 51
52 81 94
53 81 47
54 81 66
55 81 44
56 81 23
57 81 44
58 81 43
59 81 22
60 81 4
61 81 80
62 81 65
63 81 86
64 81 93
65 81 100
66 81 1
67 81 1
68 81 10
69 81 37
70 81 19
71 81 8
72 81 17
73 81 66
74 81 79
75 81 66
76 81 50
77 81 66
78 81 35
79 81 8
80 81 83
0 80 37
1 80 38
2 80 91
3 80 61
4 80 93
5 80 26
6 80 39
7 80 66
8 80 35
9 80 81
10 80 7
11 80 61
12 80 98
13 80 16
14 80 88
15 80 27
16 80 7
17 80 74
18 80 40
19 80 53
20 80 72
21 80 21
22 80 59
23 80 12
24 80 65
25 80 77
26 80 29
27 80 70
28 80 94
29 80 86
30 80 88
31 80 100
32 80 21
33 80 38
34 80 14
35 80 11
36 80 50
37 80 19
38 80 2
39 80 33
40 80 46
41 80 37
42 80 82
43 80 45
44 80 36
45 80 85
46 80 82
47 80 26
48 80 42
49 80 73
50 80 74
51 80 70
52 80 37
53 80 50
54 80 30
55 80 67
56 80 58
57 80 57
58 80 9
59 80 48
60 80 73
61 80 86
62 80 81
63 80 38
64 80 16
65 80 91
66 80 12
67 80 65
68 80 61
69 80 30
70 80 42
71 80 95
72 80 6
73 80 93
74 80 4
75 80 43
76 80 38
77 80 79
78 80 58
79 80 44
0 79 85
1 79 17
2 79 62
3 79 63
4 79 22
5 79 22
6 79 25
7 79 74
8 79 56
9 79 26
10 79 54
11 79 96
12 79 36
13 79 46
14 79 92
15 79 9
16 79 11
17 79 28
18 79 30
19 79 16
20 79 95
21 79 19
22 79 93
23 79 40
24 79 87
25 79 65
26 79 19
27 79 54
28 79 34
29 79 42
30 79 4
31 79 29
32 79 7
33 79 61
34 79 4
35 79 43
36 79 34
37 79 60
38 79 87
39 79 78
40 79 14
41 79 14
42 79 77
43 79 92
44 79 85
45 79 93
46 79 58
47 79 89
48 79 6
49 79 19
50 79 84
51 79 2
52 79 54
53 79 13
54 79 88
55 79 53
56 79 42
57 79 42
58 79 71
59 79 62
60 79 49
61 79 86
62 79 96
63 79 67
64 79 25
65 79 27
66 79 60
67 79 55
68 79 78
69 79 52
70 79 15
71 79 17
72 79 70
73 79 70
74 79 93
75 79 29
76 79 21
77 79 89
78 79 70
0 78 100
1 78 7
2 78 15
3 78 36
4 78 40
5 78 31
6 78 53
7 78 22
8 78 53
9 78 38
10 78 52
11 78 1
12 78 9
13 78 71
14 78 39
15 78 36
16 78 39
17 78 49
18 78 45
19 78 82
20 78 90
21 78 52
22 78 12
23 78 9
24 78 27
25 78 29
26 78 38
27 78 41
28 78 11
29 78 64
30 78 88
31 78 67
32 78 100
33 78 40
34 78 14
35 78 80
36 78 27
37 78 99
38 78 32
39 78 53
40 78 36
41 78 51
42 78 30
43 78 54
44 78 19
45 78 33
46 78 77
47 78 25
48 78 31
49 78 7
50 78 89
51 78 57
52 78 91
53 78 64
54 78 88
55 78 84
56 78 39
57 78 99
58 78 37
59 78 100
60 78 97
61 78 24
62 78 33
63 78 97
64 78 82
65 78 63
66 78 3
67 78 51
68 78 100
69 78 65
70 78 28
71 78 75
72 78 73
73 78 77
74 78 59
75 78 85
76 78 11
77 78 85
0 77 91
1 77 34
2 77 93
3 77 11
4 77 77
5 77 40
6 77 97
7 77 38
8 77 9
9 77 66
10 77 11
11 77 86
12 77 72
13 77 85
14 77 83
15 77 41
16 77 17
17 77 93
18 77 84
19 77 62
20 77 89
21 77 35
22 77 38
23 77 22
24 77 44
25 77 48
26 77 99
27 77 13
28 77 68
29 77 61
30 77 100
31 77 17
32 77 14
33 77 99
34 77 56
35 77 98
36 77 94
37 77 57
38 77 2
39 77 65
40 77 19
41 77 70
42 77 69
43 77 44
44 77 2
45 77 56
46 77 64
47 77 58
48 77 82
49 77 19
50 77 81
51 77 51
52 77 37
53 77 35
54 77 99
55 77 8
56 77 94
57 77 97
58 77 4
59 77 35
60 77 88
61 77 20
62 77 34
63 77 80
64 77 9
65 77 76
66 77 95
67 77 79
68 77 39
69 77 1
70 77 2
71 77 45
72 77 30
73 77 2
74 77 100
75 77 75
76 77 5
0 76 81
1 76 1
2 76 93
3 76 1
4 76 93
5 76 41
6 76 62
7 76 17
8 76 36
9 76 52
10 76 12
11 76 5
12 76 91
13 76 12
14 76 37
15 76 60
16 76 16
17 76 7
18 76 83
19 76 99
20 76 6
21 76 82
22 76 22
23 76 69
24 76 55
25 76 52
26 76 66
27 76 38
28 76 16
29 76 32
30 76 69
31 76 42
32 76 50
33 76 96
34 76 74
35 76 37
36 76 31
37 76 55
38 76 13
39 76 39
40 76 17
41 76 19
42 76 70
43 76 100
44 76 43
45 76 15
46 76 29
47 76 82
48 76 91
49 76 76
50 76 23
51 76 77
52 76 71
53 76 43
54 76 41
55 76 11
56 76 31
57 76 83
58 76 17
59 76 1
60 76 9
61 76 12
62 76 54
63 76 52
64 76 8
65 76 28
66 76 33
67 76 52
68 76 50
69 76 89
70 76 89
71 76 58
72 76 40
73 76 30
74 76 17
75 76 96
0 75 79
1 75 39
2 75 9
3 75 45
4 75 74
5 75 16
6 75 65
7 75 56
8 75 49
9 75 91
10 75 40
11 75 52
12 75 46
13 75 29
14 75 60
15 75 21
16 75 62
17 75 83
18 75 49
19 75 98
20 75 88
21 75 19
22 75 43
23 75 61
24 75 27
25 75 52
26 75 24
27 75 49
28 75 72
29 75 12
30 75 52
31 75 14
32 75 75
33 75 26
34 75 46
35 75 53
36 75 24
37 75 23
38 75 55
39 75 25
40 75 75
41 75 47
42 75 19
43 75 39
44 75 54
45 75 82
46 75 43
47 75 85
48 75 98
49 75 77
50 75 9
51 75 7
52 75 32
53 75 23
54 75 59
55 75 72
56 75 16
57 75 20
58 75 86
59 75 73
60 75 47
61 75 11
62 75 97
63 75 65
64 75 91
65 75 75
66 75 79
67 75 53
68 75 48
69 75 16
70 75 71
71 75 7
72 75 43
73 75 86
74 75 42
0 74 22
1 74 86
2 74 24
3 74 98
4 74 71
5 74 66
6 74 19
7 74 5
8 74 52
9 74 100
10 74 98
11 74 35
12 74 74
13 74 52
14 74 5
15 74 83
16 74 38
17 74 59
18 74 3
19 74 98
20 74 25
21 74 6
22 74 35
23 74 43
24 74 24
25 74 64
26 74 84
27 74 6
28 74 42
29 74 35
30 74 63
31 74 32
32 74 8
33 74 18
34 74 34
35 74 61
36 74 7
37 74 98
38 74 26
39 74 17
40 74 53
41 74 55
42 74 63
43 74 65
44 74 17
45 74 16
46 74 84
47 74 6
48 74 33
49 74 58
50 74 4
51 74 89
52 74 95
53 74 50
54 74 68
55 74 36
56 74 67
57 74 33
58 74 81
59 74 68
60 74 75
61 74 69
62 74 2
63 74 90
64 74 24
65 74 30
66 74 89
67 74 15
68 74 76
69 74 32
70 74 91
71 74 8
72 74 32
73 74 69
0 73 94
1 73 6
2 73 53
3 73 44
4 73 66
5 73 59
6 73 74
7 73 40
8 73 98
9 73 18
10 73 75
11 73 53
12 73 45
13 73 42
14 73 67
15 73 90
16 73 93
17 73 62
18 73 77
19 73 43
20 73 71
21 73 73
22 73 28
23 73 13
24 73 52
25 73 28
26 73 29
27 73 35
28 73 38
29 73 71
30 73 7
31 73 19
32 73 78
33 73 84
34 73 7
35 73 58
36 73 16
37 73 100
38 73 79
39 73 52
40 73 58
41 73 67
42 73 95
43 73 48
44 73 25
45 73 89
46 73 32
47 73 98
48 73 63
49 73 20
50 73 100
51 73 60
52 73 22
53 73 100
54 73 80
55 73 8
56 73 48
57 73 44
58 73 82
59 73 96
60 73 7
61 73 64
62 73 71
63 73 56
64 73 48
65 73 94
66 73 52
67 73 89
68 73 18
69 73 55
70 73 64
71 73 32
72 73 3
0 72 63
1 72 70
2 72 61
3 72 47
4 72 58
5 72 56
6 72 69
7 72 37
8 72 88
9 72 51
10 72 58
11 72 6
12 72 11
13 72 20
14 72 26
15 72 5
16 72 35
17 72 76
18 72 41
19 72 34
20 72 91
21 72 35
22 72 87
23 72 36
24 72 76
25 72 43
26 72 72
27 72 58
28 72 70
29 72 21
30 72 55
31 72 97
32 72 12
33 72 57
34 72 37
35 72 53
36 72 23
37 72 69
38 72 65
39 72 62
40 72 10
41 72 41
42 72 50
43 72 27
44 72 25
45 72 77
46 72 60
47 72 29
48 72 45
49 72 97
50 72 2
51 72 18
52 72 73
53 72 61
54 72 18
55 72 47
56 72 77
57 72 21
58 72 41
59 72 64
60 72 59
61 72 75
62 72 78
63 72 71
64 72 56
65 72 50
66 72 51
67 72 94
68 72 36
69 72 44
70 72 4
71 72 34
0 71 4
1 71 75
2 71 9
3 71 29
4 71 46
5 71 40
6 71 39
7 71 54
8 71 93
9 71 47
10 71 89
11 71 42
12 71 49
13 71 24
14 71 12
15 71 6
16 71 98
17 71 15
18 71 51
19 71 71
20 71 19
21 71 66
22 71 77
23 71 5
24 71 43
25 71 92
26 71 64
27 71 14
28 71 29
29 71 27
30 71 18
31 71 87
32 71 100
33 71 42
34 71 39
35 71 10
36 71 15
37 71 7
38 71 6
39 71 84
40 71 59
41 71 56
42 71 24
43 71 27
44 71 57
45 71 75
46 71 3
47 71 28
48 71 56
49 71 59
50 71 72
51 71 25
52 71 84
53 71 16
54 71 29
55 71 79
56 71 95
57 71 65
58 71 69
59 71 5
60 71 23
61 71 42
62 71 84
63 71 14
64 71 49
65 71 55
66 71 50
67 71 82
68 71 100
69 71 98
70 71 83
0 70 64
1 70 57
2 70 60
3 70 65
4 70 32
5 70 63
6 70 61
7 70 15
8 70 71
9 70 98
10 70 42
11 70 86
12 70 31
13 70 92
14 70 71
15 70 27
16 70 88
17 70 99
18 70 83
19 70 42
20 70 27
21 70 9
22 70 50
23 70 8
24 70 14
25 70 7
26 70 98
27 70 35
28 70 99
29 70 48
30 70 21
31 70 3
32 70 42
33 70 3
34 70 30
35 70 87
36 70 2
37 70 48
38 70 15
39 70 73
40 70 74
41 70 50
42 70 59
43 70 68
44 70 80
45 70 75
46 70 42
47 70 16
48 70 59
49 70 96
50 70 22
51 70 53
52 70 6
53 70 83
54 70 47
55 70 40
56 70 69
57 70 4
58 70 35
59 70 67
60 70 33
61 70 65
62 70 86
63 70 78
64 70 77
65 70 2
66 70 65
67 70 100
68 70 89
69 70 46
0 69 17
1 69 26
2 69 8
3 69 62
4 69 68
5 69 68
6 69 59
7 69 68
8 69 36
9 69 38
10 69 39
11 69 54
12 69 55
13 69 21
14 69 64
15 69 64
16 69 58
17 69 48
18 69 51
19 69 85
20 69 69
21 69 34
22 69 1
23 69 84
24 69 21
25 69 82
26 69 7
27 69 17
28 69 43
29 69 80
30 69 99
31 69 18
32 69 6
33 69 66
34 69 68
35 69 87
36 69 4
37 69 20
38 69 16
39 69 62
40 69 39
41 69 57
42 69 88
43 69 40
44 69 49
45 69 10
46 69 50
47 69 21
48 69 53
49 69 38
50 69 25
51 69 90
52 69 52
53 69 98
54 69 16
55 69 55
56 69 67
57 69 64
58 69 59
59 69 82
60 69 65
61 69 79
62 69 82
63 69 38
64 69 82
65 69 18
66 69 67
67 69 41
68 69 5
0 68 94
1 68 20
2 68 82
3 68 41
4 68 19
5 68 18
6 68 86
7 68 20
8 68 63
9 68 80
10 68 92
11 68 43
12 68 50
13 68 85
14 68 47
15 68 87
16 68 67
17 68 94
18 68 87
19 68 33
20 68 49
21 68 97
22 68 56
23 68 75
24 68 59
25 68 31
26 68 91
27 68 54
28 68 94
29 68 96
30 68 77
31 68 49
32 68 52
33 68 49
34 68 90
35 68 19
36 68 43
37 68 7
38 68 12
39 68 41
40 68 60
41 68 89
42 68 92
43 68 30
44 68 78
45 68 86
46 68 70
47 68 73
48 68 49
49 68 20
50 68 72
51 68 73
52 68 35
53 68 15
54 68 28
55 68 86
56 68 84
57 68 98
58 68 11
59 68 29
60 68 82
61 68 66
62 68 44
63 68 17
64 68 6
65 68 69
66 68 48
67 68 59
0 67 3
1 67 70
2 67 94
3 67 20
4 67 22
5 67 78
6 67 66
7 67 51
8 67 78
9 67 23
10 67 51
11 67 45
12 67 80
13 67 46
14 67 60
15 67 82
16 67 64
17 67 39
18 67 99
19 67 85
20 67 38
21 67 3
22 67 59
23 67 44
24 67 47
25 67 16
26 67 5
27 67 96
28 67 20
29 67 55
30 67 34
31 67 8
32 67 10
33 67 26
34 67 76
35 67 74
36 67 18
37 67 47
38 67 97
39 67 12
40 67 90
41 67 92
42 67 11
43 67 39
44 67 14
45 67 62
46 67 24
47 67 23
48 67 5
49 67 21
50 67 14
51 67 50
52 67 67
53 67 30
54 67 2
55 67 59
56 67 55
57 67 87
58 67 58
59 67 91
60 67 89
61 67 36
62 67 58
63 67 84
64 67 36
65 67 65
66 67 39
0 66 7
1 66 19
2 66 84
3 66 87
4 66 81
5 66 88
6 66 78
7 66 52
8 66 66
9 66 93
10 66 30
11 66 94
12 66 94
13 66 31
14 66 91
15 66 72
16 66 43
17 66 46
18 66 60
19 66 50
20 66 8
21 66 56
22 66 26
23 66 78
24 66 16
25 66 68
26 66 89
27 66 27
28 66 69
29 66 19
30 66 16
31 66 69
32 66 14
33 66 5
34 66 1
35 66 8
36 66 77
37 66 80
38 66 99
39 66 78
40 66 30
41 66 35
42 66 88
43 66 72
44 66 2
45 66 35
46 66 91
47 66 13
48 66 14
49 66 80
50 66 79
51 66 30
52 66 29
53 66 20
54 66 24
55 66 39
56 66 38
57 66 79
58 66 17
59 66 21
60 66 76
61 66 17
62 66 35
63 66 7
64 66 72
65 66 4
0 65 89
1 65 78
2 65 29
3 65 8
4 65 18
5 65 85
6 65 89
7 65 56
8 65 62
9 65 59
10 65 31
11 65 43
12 65 22
13 65 97
14 65 14
15 65 28
16 65 54
17 65 88
18 65 87
19 65 55
20 65 22
21 65 46
22 65 59
23 65 40
24 65 14
25 65 99
26 65 68
27 65 90
28 65 34
29 65 51
30 65 86
31 65 78
32 65 77
33 65 4
34 65 67
35 65 20
36 65 42
37 65 65
38 65 78
39 65 19
40 65 42
41 65 13
42 65 95
43 65 10
44 65 4
45 65 8
46 65 4
47 65 62
48 65 55
49 65 6
50 65 3
51 65 16
52 65 16
53 65 92
54 65 37
55 65 7
56 65 22
57 65 65
58 65 93
59 65 69
60 65 85
61 65 45
62 65 93
63 65 15
64 65 56
0 64 46
1 64 62
2 64 88
3 64 100
4 64 41
5 64 8
6 64 18
7 64 55
8 64 92
9 64 74
10 64 18
11 64 9
12 64 60
13 64 3
14 64 26
15 64 47
16 64 46
17 64 31
18 64 70
19 64 57
20 64 38
21 64 67
22 64 46
23 64 54
24 64 11
25 64 77
26 64 71
27 64 15
28 64 52
29 64 96
30 64 8
31 64 79
32 64 25
33 64 86
34 64 22
35 64 97
36 64 44
37 64 64
38 64 6
39 64 36
40 64 25
41 64 95
42 64 23
43 64 79
44 64 28
45 64 19
46 64 79
47 64 82
48 64 75
49 64 55
50 64 90
51 64 91
52 64 37
53 64 2
54 64 49
55 64 24
56 64 47
57 64 16
58 64 13
59 64 31
60 64 96
61 64 22
62 64 26
63 64 67
0 63 39
1 63 45
2 63 48
3 63 61
4 63 40
5 63 23
6 63 53
7 63 43
8 63 5
9 63 17
10 63 55
11 63 99
12 63 17
13 63 2
14 63 9
15 63 17
16 63 18
17 63 99
18 63 59
19 63 82
20 63 50
21 63 53
22 63 65
23 63 38
24 63 17
25 63 50
26 63 21
27 63 11
28 63 96
29 63 64
30 63 8
31 63 84
32 63 17
33 63 59
34 63 51
35 63 93
36 63 77
37 63 1
38 63 96
39 63 85
40 63 20
41 63 18
42 63 76
43 63 74
44 63 57
45 63 45
46 63 10
47 63 95
48 63 51
49 63 77
50 63 69
51 63 29
52 63 93
53 63 89
54 63 91
55 63 40
56 63 84
57 63 42
58 63 7
59 63 44
60 63 48
61 63 82
62 63 82
0 62 39
1 62 6
2 62 90
3 62 100
4 62 18
5 62 23
6 62 47
7 62 7
8 62 46
9 62 87
10 62 18
11 62 85
12 62 13
13 62 39
14 62 86
15 62 38
16 62 69
17 62 22
18 62 47
19 62 3
20 62 47
21 62 72
22 62 97
23 62 70
24 62 43
25 62 66
26 62 36
27 62 15
28 62 59
29 62 75
30 62 51
31 62 80
32 62 26
33 62 94
34 62 40
35 62 72
36 62 38
37 62 7
38 62 57
39 62 31
40 62 85
41 62 94
42 62 8
43 62 77
44 62 94
45 62 17
46 62 3
47 62 26
48 62 90
49 62 44
50 62 12
51 62 26
52 62 67
53 62 48
54 62 76
55 62 95
56 62 45
57 62 8
58 62 3
59 62 76
60 62 93
61 62 75
0 61 89
1 61 93
2 61 89
3 61 63
4 61 61
5 61 46
6 61 84
7 61 31
8 61 51
9 61 49
10 61 79
11 61 23
12 61 26
13 61 60
14 61 84
15 61 72
16 61 22
17 61 11
18 61 51
19 61 57
20 61 44
21 61 25
22 61 18
23 61 6
24 61 70
25 61 49
26 61 33
27 61 100
28 61 63
29 61 10
30 61 5
31 61 53
32 61 97
33 61 34
34 61 17
35 61 37
36 61 51
37 61 62
38 61 14
39 61 23
40 61 61
41 61 1
42 61 58
43 61 18
44 61 24
45 61 77
46 61 81
47 61 35
48 61 51
49 61 52
50 61 71
51 61 6
52 61 31
53 61 6
54 61 81
55 61 76
56 61 64
57 61 48
58 61 94
59 61 51
60 61 64
0 60 1
1 60 66
2 60 21
3 60 24
4 60 11
5 60 11
6 60 26
7 60 63
8 60 53
9 60 74
10 60 56
11 60 99
12 60 18
13 60 62
14 60 66
15 60 70
16 60 31
17 60 12
18 60 86
19 60 94
20 60 71
21 60 6
22 60 19
23 60 35
24 60 44
25 60 38
26 60 55
27 60 47
28 60 78
29 60 93
30 60 95
31 60 94
32 60 60
33 60 71
34 60 66
35 60 29
36 60 77
37 60 55
38 60 41
39 60 48
40 60 43
41 60 67
42 60 99
43 60 37
44 60 8
45 60 65
46 60 7
47 60 98
48 60 81
49 60 40
50 60 41
51 60 99
52 60 62
53 60 54
54 60 52
55 60 37
56 60 2
57 60 51
58 60 64
59 60 34
0 59 84
1 59 28
2 59 99
3 59 64
4 59 63
5 59 14
6 59 28
7 59 26
8 59 97
9 59 85
10 59 93
11 59 84
12 59 91
13 59 7
14 59 11
15 59 61
16 59 96
17 59 96
18 59 64
19 59 28
20 59 1
21 59 19
22 59 91
23 59 98
24 59 87
25 59 54
26 59 31
27 59 99
28 59 62
29 59 89
30 59 99
31 59 81
32 59 23
33 59 87
34 59 31
35 59 5
36 59 98
37 59 37
38 59 95
39 59 57
40 59 9
41 59 57
42 59 20
43 59 62
44 59 32
45 59 38
46 59 86
47 59 59
48 59 85
49 59 85
50 59 49
51 59 64
52 59 30
53 59 98
54 59 46
55 59 83
56 59 75
57 59 2
58 59 6
0 58 1
1 58 12
2 58 5
3 58 72
4 58 29
5 58 26
6 58 29
7 58 52
8 58 11
9 58 52
10 58 51
11 58 97
12 58 66
13 58 67
14 58 23
15 58 61
16 58 63
17 58 25
18 58 80
19 58 49
20 58 16
21 58 90
22 58 59
23 58 20
24 58 10
25 58 78
26 58 1
27 58 73
28 58 48
29 58 31
30 58 55
31 58 100
32 58 29
33 58 61
34 58 3
35 58 67
36 58 95
37 58 22
38 58 60
39 58 85
40 58 30
41 58 42
42 58 78
43 58 85
44 58 69
45 58 41
46 58 4
47 58 47
48 58 23
49 58 72
50 58 55
51 58 4
52 58 64
53 58 47
54 58 30
55 58 69
56 58 8
57 58 67
0 57 76
1 57 87
2 57 87
3 57 55
4 57 64
5 57 5
6 57 79
7 57 21
8 57 96
9 57 62
10 57 49
11 57 86
12 57 7
13 57 37
14 57 14
15 57 62
16 57 4
17 57 85
18 57 99
19 57 41
20 57 46
21 57 71
22 57 70
23 57 83
24 57 46
25 57 48
26 57 90
27 57 91
28 57 65
29 57 45
30 57 60
31 57 69
32 57 2
33 57 12
34 57 39
35 57 9
36 57 10
37 57 69
38 57 95
39 57 90
40 57 97
41 57 49
42 57 74
43 57 95
44 57 63
45 57 17
46 57 68
47 57 70
48 57 61
49 57 22
50 57 68
51 57 56
52 57 87
53 57 84
54 57 96
55 57 55
56 57 34
0 56 94
1 56 5
2 56 37
3 56 16
4 56 31
5 56 21
6 56 1
7 56 6
8 56 44
9 56 96
10 56 5
11 56 3
12 56 95
13 56 13
14 56 83
15 56 75
16 56 25
17 56 48
18 56 61
19 56 69
20 56 87
21 56 14
22 56 3
23 56 1
24 56 88
25 56 20
26 56 78
27 56 92
28 56 10
29 56 69
30 56 56
31 56 16
32 56 60
33 56 52
34 56 11
35 56 57
36 56 83
37 56 31
38 56 19
39 56 35
40 56 84
41 56 94
42 56 25
43 56 100
44 56 43
45 56 47
46 56 94
47 56 34
48 56 12
49 56 88
50 56 98
51 56 29
52 56 13
53 56 94
54 56 11
55 56 55
0 55 90
1 55 33
2 55 17
3 55 86
4 55 15
5 55 31
6 55 7
7 55 71
8 55 41
9 55 68
10 55 17
11 55 83
12 55 31
13 55 45
14 55 66
15 55 22
16 55 47
17 55 19
18 55 54
19 55 1
20 55 39
21 55 9
22 55 30
23 55 80
24 55 40
25 55 40
26 55 83
27 55 63
28 55 87
29 55 23
30 55 41
31 55 45
32 55 48
33 55 56
34 55 28
35 55 36
36 55 13
37 55 38
38 55 38
39 55 75
40 55 86
41 55 40
42 55 54
43 55 44
44 55 25
45 55 61
46 55 23
47 55 32
48 55 70
49 55 81
50 55 91
51 55 23
52 55 11
53 55 25
54 55 59
0 54 53
1 54 100
2 54 78
3 54 52
4 54 90
5 54 90
6 54 18
7 54 10
8 54 64
9 54 75
10 54 65
11 54 34
12 54 72
13 54 8
14 54 25
15 54 29
16 54 1
17 54 29
18 54 35
19 54 21
20 54 62
21 54 18
22 54 20
23 54 54
24 54 15
25 54 2
26 54 23
27 54 77
28 54 85
29 54 65
30 54 85
31 54 28
32 54 63
33 54 16
34 54 43
35 54 48
36 54 30
37 54 100
38 54 75
39 54 20
40 54 58
41 54 55
42 54 77
43 54 77
44 54 97
45 54 31
46 54 43
47 54 66
48 54 80
49 54 38
50 54 68
51 54 49
52 54 86
53 54 67
0 53 58
1 53 85
2 53 3
3 53 76
4 53 29
5 53 11
6 53 79
7 53 21
8 53 76
9 53 71
10 53 29
11 53 73
12 53 9
13 53 9
14 53 60
15 53 14
16 53 76
17 53 58
18 53 34
19 53 95
20 53 44
21 53 65
22 53 4
23 53 21
24 53 27
25 53 27
26 53 56
27 53 64
28 53 19
29 53 17
30 53 81
31 53 62
32 53 39
33 53 74
34 53 12
35 53 91
36 53 62
37 53 61
38 53 75
39 53 42
40 53 82
41 53 20
42 53 51
43 53 77
44 53 58
45 53 9
46 53 47
47 53 24
48 53 47
49 53 16
50 53 18
51 53 36
52 53 86
0 52 39
1 52 19
2 52 79
3 52 58
4 52 73
5 52 7
6 52 35
7 52 60
8 52 20
9 52 79
10 52 87
11 52 20
12 52 90
13 52 36
14 52 9
15 52 92
16 52 46
17 52 90
18 52 28
19 52 72
20 52 70
21 52 77
22 52 72
23 52 65
24 52 35
25 52 98
26 52 77
27 52 46
28 52 19
29 52 93
30 52 82
31 52 46
32 52 39
33 52 44
34 52 96
35 52 39
36 52 96
37 52 50
38 52 26
39 52 55
40 52 69
41 52 34
42 52 70
43 52 34
44 52 50
45 52 89
46 52 13
47 52 43
48 52 23
49 52 2
50 52 79
51 52 28
0 51 30
1 51 18
2 51 62
3 51 50
4 51 13
5 51 38
6 51 43
7 51 50
8 51 54
9 51 10
10 51 95
11 51 72
12 51 5
13 51 75
14 51 4
15 51 13
16 51 10
17 51 75
18 51 85
19 51 27
20 51 14
21 51 55
22 51 47
23 51 77
24 51 28
25 51 13
26 51 31
27 51 97
28 51 73
29 51 26
30 51 27
31 51 8
32 51 45
33 51 86
34 51 22
35 51 58
36 51 89
37 51 52
38 51 16
39 51 91
40 51 33
41 51 15
42 51 11
43 51 3
44 51 87
45 51 13
46 51 61
47 51 79
48 51 14
49 51 56
50 51 9
0 50 36
1 50 42
2 50 78
3 50 93
4 50 81
5 50 100
6 50 39
7 50 12
8 50 25
9 50 72
10 50 34
11 50 53
12 50 30
13 50 23
14 50 63
15 50 13
16 50 58
17 50 75
18 50 35
19 50 23
20 50 58
21 50 61
22 50 52
23 50 35
24 50 43
25 50 50
26 50 21
27 50 77
28 50 80
29 50 46
30 50 79
31 50 61
32 50 34
33 50 74
34 50 14
35 50 77
36 50 74
37 50 33
38 50 88
39 50 67
40 50 10
41 50 91
42 50 19
43 50 27
44 50 92
45 50 65
46 50 75
47 50 34
48 50 95
49 50 90
0 49 71
1 49 97
2 49 31
3 49 40
4 49 3
5 49 34
6 49 41
7 49 2
8 49 45
9 49 21
10 49 80
11 49 49
12 49 21
13 49 75
14 49 18
15 49 10
16 49 37
17 49 55
18 49 39
19 49 61
20 49 40
21 49 39
22 49 3
23 49 32
24 49 24
25 49 9
26 49 66
27 49 21
28 49 81
29 49 19
30 49 7
31 49 11
32 49 29
33 49 37
34 49 94
35 49 70
36 49 55
37 49 67
38 49 100
39 49 31
40 49 54
41 49 3
42 49 93
43 49 78
44 49 59
45 49 66
46 49 97
47 49 34
48 49 5
0 48 73
1 48 18
2 48 80
3 48 9
4 48 66
5 48 80
6 48 93
7 48 61
8 48 81
9 48 33
10 48 93
11 48 60
12 48 82
13 48 34
14 48 33
15 48 50
16 48 2
17 48 56
18 48 54
19 48 42
20 48 76
21 48 12
22 48 38
23 48 80
24 48 19
25 48 67
26 48 88
27 48 79
28 48 33
29 48 25
30 48 3
31 48 90
32 48 82
33 48 77
34 48 52
35 48 16
36 48 11
37 48 22
38 48 67
39 48 90
40 48 5
41 48 78
42 48 58
43 48 12
44 48 31
45 48 95
46 48 68
47 48 1
0 47 38
1 47 2
2 47 80
3 47 43
4 47 56
5 47 15
6 47 80
7 47 89
8 47 27
9 47 62
10 47 49
11 47 14
12 47 66
13 47 38
14 47 36
15 47 10
16 47 9
17 47 100
18 47 26
19 47 29
20 47 52
21 47 89
22 47 47
23 47 12
24 47 87
25 47 16
26 47 66
27 47 48
28 47 13
29 47 84
30 47 74
31 47 77
32 47 4
33 47 23
34 47 12
35 47 27
36 47 44
37 47 29
38 47 95
39 47 32
40 47 96
41 47 54
42 47 91
43 47 57
44 47 73
45 47 73
46 47 47
0 46 61
1 46 18
2 46 65
3 46 79
4 46 94
5 46 64
6 46 22
7 46 23
8 46 5
9 46 59
10 46 21
11 46 10
12 46 6
13 46 88
14 46 4
15 46 49
16 46 68
17 46 77
18 46 8
19 46 99
20 46 52
21 46 63
22 46 57
23 46 88
24 46 25
25 46 80
26 46 33
27 46 17
28 46 63
29 46 58
30 46 87
31 46 100
32 46 89
33 46 90
34 46 80
35 46 93
36 46 23
37 46 22
38 46 30
39 46 80
40 46 92
41 46 7
42 46 28
43 46 28
44 46 51
45 46 14
0 45 98
1 45 33
2 45 23
3 45 87
4 45 56
5 45 67
6 45 17
7 45 24
8 45 96
9 45 28
10 45 89
11 45 56
12 45 68
13 45 96
14 45 67
15 45 88
16 45 38
17 45 57
18 45 20
19 45 10
20 45 86
21 45 18
22 45 76
23 45 40
24 45 6
25 45 67
26 45 73
27 45 23
28 45 91
29 45 63
30 45 77
31 45 45
32 45 9
33 45 36
34 45 88
35 45 26
36 45 47
37 45 54
38 45 39
39 45 54
40 45 26
41 45 60
42 45 17
43 45 1
44 45 37
0 44 28
1 44 85
2 44 96
3 44 48
4 44 58
5 44 58
6 44 50
7 44 40
8 44 40
9 44 33
10 44 99
11 44 94
12 44 96
13 44 57
14 44 63
15 44 74
16 44 45
17 44 15
18 44 43
19 44 33
20 44 57
21 44 44
22 44 88
23 44 59
24 44 47
25 44 52
26 44 62
27 44 76
28 44 13
29 44 75
30 44 51
31 44 98
32 44 70
33 44 14
34 44 88
35 44 30
36 44 88
37 44 80
38 44 71
39 44 36
40 44 66
41 44 3
42 44 66
43 44 91
0 43 49
1 43 11
2 43 94
3 43 73
4 43 19
5 43 35
6 43 42
7 43 15
8 43 4
9 43 63
10 43 29
11 43 44
12 43 81
13 43 72
14 43 70
15 43 14
16 43 86
17 43 55
18 43 92
19 43 57
20 43 15
21 43 95
22 43 4
23 43 69
24 43 51
25 43 90
26 43 39
27 43 70
28 43 93
29 43 77
30 43 78
31 43 58
32 43 49
33 43 11
34 43 93
35 43 63
36 43 87
37 43 35
38 43 86
39 43 78
40 43 78
41 43 92
42 43 15
0 42 26
1 42 86
2 42 82
3 42 85
4 42 76
5 42 27
6 42 42
7 42 76
8 42 28
9 42 1
10 42 18
11 42 41
12 42 97
13 42 1
14 42 53
15 42 76
16 42 26
17 42 63
18 42 71
19 42 86
20 42 30
21 42 20
22 42 37
23 42 33
24 42 20
25 42 22
26 42 65
27 42 28
28 42 57
29 42 34
30 42 50
31 42 7
32 42 95
33 42 73
34 42 74
35 42 40
36 42 46
37 42 8
38 42 48
39 42 35
40 42 7
41 42 88
0 41 89
1 41 55
2 41 94
3 41 66
4 41 66
5 41 46
6 41 81
7 41 45
8 41 17
9 41 94
10 41 78
11 41 15
12 41 46
13 41 50
14 41 64
15 41 95
16 41 55
17 41 94
18 41 43
19 41 30
20 41 50
21 41 78
22 41 36
23 41 51
24 41 85
25 41 6
26 41 70
27 41 91
28 41 43
29 41 35
30 41 76
31 41 36
32 41 28
33 41 75
34 41 12
35 41 37
36 41 64
37 41 93
38 41 71
39 41 98
40 41 2
0 40 47
1 40 55
2 40 48
3 40 68
4 40 25
5 40 60
6 40 10
7 40 9
8 40 59
9 40 63
10 40 29
11 40 82
12 40 62
13 40 71
14 40 97
15 40 71
16 40 74
17 40 77
18 40 33
19 40 95
20 40 68
21 40 40
22 40 15
23 40 69
24 40 21
25 40 74
26 40 13
27 40 44
28 40 24
29 40 57
30 40 36
31 40 99
32 40 27
33 40 59
34 40 79
35 40 2
36 40 12
37 40 61
38 40 85
39 40 73
0 39 39
1 39 29
2 39 42
3 39 76
4 39 72
5 39 32
6 39 52
7 39 97
8 39 47
9 39 61
10 39 92
11 39 86
12 39 87
13 39 50
14 39 70
15 39 18
16 39 99
17 39 36
18 39 27
19 39 82
20 39 38
21 39 95
22 39 64
23 39 44
24 39 77
25 39 28
26 39 88
27 39 71
28 39 54
29 39 77
30 39 65
31 39 25
32 39 89
33 39 65
34 39 33
35 39 55
36 39 84
37 39 68
38 39 68
0 38 67
1 38 78
2 38 9
3 38 31
4 38 80
5 38 15
6 38 68
7 38 29
8 38 74
9 38 4
10 38 55
11 38 76
12 38 74
13 38 22
14 38 59
15 38 71
16 38 32
17 38 68
18 38 83
19 38 33
20 38 61
21 38 9
22 38 97
23 38 54
24 38 60
25 38 54
26 38 24
27 38 16
28 38 60
29 38 84
30 38 33
31 38 69
32 38 42
33 38 69
34 38 32
35 38 14
36 38 63
37 38 89
0 37 50
1 37 50
2 37 83
3 37 94
4 37 84
5 37 91
6 37 44
7 37 65
8 37 1
9 37 62
10 37 92
11 37 98
12 37 7
13 37 26
14 37 44
15 37 30
16 37 70
17 37 91
18 37 39
19 37 54
20 37 36
21 37 13
22 37 7
23 37 59
24 37 55
25 37 7
26 37 84
27 37 19
28 37 98
29 37 66
30 37 68
31 37 17
32 37 36
33 37 7
34 37 28
35 37 51
36 37 13
0 36 72
1 36 54
2 36 18
3 36 14
4 36 54
5 36 42
6 36 9
7 36 35
8 36 91
9 36 59
10 36 43
11 36 70
12 36 76
13 36 47
14 36 4
15 36 39
16 36 9
17 36 62
18 36 93
19 36 86
20 36 30
21 36 90
22 36 47
23 36 10
24 36 52
25 36 15
26 36 10
27 36 95
28 36 2
29 36 7
30 36 21
31 36 98
32 36 16
33 36 46
34 36 29
35 36 25
0 35 36
1 35 92
2 35 28
3 35 51
4 35 25
5 35 50
6 35 77
7 35 24
8 35 94
9 35 47
10 35 21
11 35 6
12 35 83
13 35 71
14 35 54
15 35 66
16 35 57
17 35 94
18 35 61
19 35 24
20 35 83
21 35 29
22 35 51
23 35 46
24 35 86
25 35 50
26 35 25
27 35 62
28 35 15
29 35 48
30 35 42
31 35 5
32 35 94
33 35 41
34 35 55
0 34 100
1 34 92
2 34 1
3 34 31
4 34 60
5 34 15
6 34 2
7 34 2
8 34 88
9 34 2
10 34 61
11 34 85
12 34 53
13 34 85
14 34 58
15 34 3
16 34 19
17 34 60
18 34 87
19 34 32
20 34 33
21 34 45
22 34 100
23 34 94
24 34 13
25 34 6
26 34 33
27 34 68
28 34 100
29 34 28
30 34 40
31 34 22
32 34 61
33 34 100
0 33 67
1 33 38
2 33 92
3 33 44
4 33 12
5 33 3
6 33 58
7 33 79
8 33 14
9 33 97
10 33 18
11 33 85
12 33 85
13 33 64
14 33 13
15 33 28
16 33 93
17 33 71
18 33 99
19 33 83
20 33 13
21 33 50
22 33 29
23 33 85
24 33 10
25 33 17
26 33 70
27 33 36
28 33 19
29 33 73
30 33 44
31 33 43
32 33 29
0 32 33
1 32 37
2 32 39
3 32 88
4 32 46
5 32 21
6 32 74
7 32 65
8 32 26
9 32 47
10 32 98
11 32 42
12 32 49
13 32 10
14 32 56
15 32 22
16 32 19
17 32 44
18 32 33
19 32 79
20 32 86
21 32 18
22 32 91
23 32 62
24 32 77
25 32 52
26 32 57
27 32 68
28 32 1
29 32 78
30 32 49
31 32 50
0 31 74
1 31 9
2 31 79
3 31 53
4 31 64
5 31 84
6 31 100
7 31 49
8 31 22
9 31 76
10 31 79
11 31 18
12 31 41
13 31 35
14 31 81
15 31 24
16 31 93
17 31 93
18 31 98
19 31 46
20 31 2
21 31 29
22 31 84
23 31 66
24 31 93
25 31 49
26 31 87
27 31 41
28 31 84
29 31 26
30 31 49
0 30 50
1 30 83
2 30 90
3 30 26
4 30 13
5 30 73
6 30 83
7 30 52
8 30 88
9 30 60
10 30 52
11 30 59
12 30 11
13 30 97
14 30 6
15 30 88
16 30 46
17 30 72
18 30 40
19 30 98
20 30 24
21 30 27
22 30 43
23 30 64
24 30 66
25 30 49
26 30 97
27 30 54
28 30 20
29 30 10
0 29 54
1 29 73
2 29 18
3 29 99
4 29 51
5 29 55
6 29 64
7 29 7
8 29 66
9 29 43
10 29 32
11 29 62
12 29 70
13 29 52
14 29 80
15 29 41
16 29 71
17 29 25
18 29 22
19 29 96
20 29 84
21 29 59
22 29 4
23 29 67
24 29 25
25 29 28
26 29 3
27 29 11
28 29 86
0 28 97
1 28 17
2 28 32
3 28 15
4 28 12
5 28 7
6 28 19
7 28 14
8 28 91
9 28 97
10 28 69
11 28 49
12 28 55
13 28 92
14 28 27
15 28 28
16 28 18
17 28 36
18 28 6
19 28 62
20 28 66
21 28 38
22 28 7
23 28 8
24 28 32
25 28 32
26 28 12
27 28 63
0 27 26
1 27 12
2 27 32
3 27 32
4 27 98
5 27 96
6 27 23
7 27 17
8 27 34
9 27 62
10 27 2
11 27 56
12 27 33
13 27 62
14 27 40
15 27 54
16 27 34
17 27 83
18 27 69
19 27 21
20 27 23
21 27 79
22 27 14
23 27 55
24 27 27
25 27 55
26 27 85
0 26 51
1 26 61
2 26 21
3 26 78
4 26 45
5 26 78
6 26 78
7 26 7
8 26 37
9 26 64
10 26 60
11 26 97
12 26 89
13 26 60
14 26 48
15 26 78
16 26 85
17 26 62
18 26 45
19 26 23
20 26 38
21 26 75
22 26 88
23 26 19
24 26 74
25 26 51
0 25 94
1 25 20
2 25 56
3 25 7
4 25 68
5 25 95
6 25 12
7 25 7
8 25 49
9 25 90
10 25 90
11 25 86
12 25 4
13 25 45
14 25 85
15 25 56
16 25 55
17 25 24
18 25 59
19 25 57
20 25 69
21 25 43
22 25 81
23 25 100
24 25 73
0 24 99
1 24 68
2 24 24
3 24 81
4 24 57
5 24 60
6 24 62
7 24 46
8 24 59
9 24 35
10 24 42
11 24 30
12 24 38
13 24 11
14 24 4
15 24 6
16 24 24
17 24 15
18 24 10
19 24 12
20 24 12
21 24 16
22 24 88
23 24 69
0 23 71
1 23 57
2 23 17
3 23 75
4 23 1
5 23 50
6 23 52
7 23 26
8 23 29
9 23 21
10 23 37
11 23 87
12 23 7
13 23 35
14 23 65
15 23 34
16 23 4
17 23 89
18 23 11
19 23 66
20 23 96
21 23 79
22 23 32
0 22 87
1 22 92
2 22 54
3 22 11
4 22 19
5 22 74
6 22 47
7 22 3
8 22 10
9 22 1
10 22 23
11 22 61
12 22 19
13 22 38
14 22 69
15 22 38
16 22 73
17 22 77
18 22 34
19 22 7
20 22 29
21 22 28
0 21 58
1 21 49
2 21 54
3 21 39
4 21 26
5 21 40
6 21 36
7 21 5
8 21 98
9 21 2
10 21 77
11 21 70
12 21 88
13 21 13
14 21 3
15 21 23
16 21 40
17 21 61
18 21 12
19 21 36
20 21 93
0 20 100
1 20 63
2 20 50
3 20 4
4 20 51
5 20 68
6 20 78
7 20 8
8 20 51
9 20 12
10 20 98
11 20 30
12 20 80
13 20 90
14 20 69
15 20 4
16 20 72
17 20 80
18 20 50
19 20 86
0 19 36
1 19 83
2 19 13
3 19 49
4 19 94
5 19 87
6 19 80
7 19 24
8 19 73
9 19 72
10 19 19
11 19 34
12 19 45
13 19 61
14 19 57
15 19 71
16 19 19
17 19 46
18 19 56
0 18 73
1 18 96
2 18 24
3 18 20
4 18 80
5 18 84
6 18 2
7 18 19
8 18 22
9 18 23
10 18 46
11 18 20
12 18 35
13 18 2
14 18 44
15 18 95
16 18 16
17 18 52
0 17 89
1 17 47
2 17 26
3 17 10
4 17 73
5 17 38
6 17 78
7 17 92
8 17 5
9 17 57
10 17 70
11 17 2
12 17 40
13 17 79
14 17 72
15 17 77
16 17 44
0 16 47
1 16 15
2 16 63
3 16 99
4 16 32
5 16 42
6 16 71
7 16 4
8 16 8
9 16 80
10 16 41
11 16 82
12 16 26
13 16 97
14 16 17
15 16 93
0 15 20
1 15 80
2 15 85
3 15 12
4 15 15
5 15 90
6 15 62
7 15 47
8 15 87
9 15 72
10 15 41
11 15 74
12 15 78
13 15 83
14 15 37
0 14 48
1 14 52
2 14 70
3 14 53
4 14 94
5 14 64
6 14 96
7 14 88
8 14 31
9 14 100
10 14 85
11 14 14
12 14 39
13 14 97
0 13 17
1 13 45
2 13 100
3 13 64
4 13 96
5 13 37
6 13 90
7 13 15
8 13 89
9 13 43
10 13 24
11 13 81
12 13 76
0 12 50
1 12 91
2 12 59
3 12 49
4 12 67
5 12 44
6 12 87
7 12 42
8 12 98
9 12 86
10 12 48
11 12 32
0 11 33
1 11 83
2 11 34
3 11 59
4 11 39
5 11 37
6 11 66
7 11 37
8 11 97
9 11 11
10 11 56
0 10 34
1 10 7
2 10 76
3 10 32
4 10 24
5 10 68
6 10 72
7 10 70
8 10 2
9 10 32
0 9 54
1 9 10
2 9 80
3 9 46
4 9 35
5 9 55
6 9 92
7 9 89
8 9 73
0 8 57
1 8 31
2 8 25
3 8 26
4 8 59
5 8 41
6 8 95
7 8 50
0 7 25
1 7 2
2 7 64
3 7 13
4 7 56
5 7 87
6 7 87
0 6 76
1 6 50
2 6 65
3 6 96
4 6 65
5 6 23
0 5 94
1 5 34
2 5 72
3 5 1
4 5 10
0 4 4
1 4 79
2 4 37
3 4 96
0 3 93
1 3 72
2 3 19
0 2 12
1 2 97
0 1 100
100 0 72
