1 20 5
2 20 5
3 20 4
4 20 0
5 20 7
6 20 5
7 20 3
8 20 10
9 20 4
10 20 3
11 20 1
12 20 9
13 20 9
14 20 6
15 20 8
16 20 4
17 20 0
18 20 9
19 20 7
0 19 5
1 19 7
2 19 9
3 19 5
4 19 10
5 19 2
6 19 8
7 19 4
8 19 1
9 19 7
10 19 6
11 19 9
12 19 10
13 19 3
14 19 10
15 19 7
16 19 5
17 19 6
18 19 7
0 18 8
1 18 8
2 18 2
3 18 6
4 18 9
5 18 2
6 18 9
7 18 9
8 18 7
9 18 5
10 18 6
11 18 9
12 18 2
13 18 6
14 18 5
15 18 3
16 18 2
17 18 4
0 17 6
1 17 1
2 17 4
3 17 0
4 17 4
5 17 0
6 17 9
7 17 3
8 17 2
9 17 9
10 17 4
11 17 9
12 17 10
13 17 5
14 17 5
15 17 4
16 17 10
0 16 3
1 16 10
2 16 1
3 16 10
4 16 1
5 16 10
6 16 5
7 16 10
8 16 0
9 16 5
10 16 10
11 16 3
12 16 0
13 16 0
14 16 2
15 16 10
0 15 5
1 15 1
2 15 10
3 15 2
4 15 6
5 15 10
6 15 0
7 15 2
8 15 4
9 15 0
10 15 9
11 15 5
12 15 9
13 15 2
14 15 4
0 14 4
1 14 8
2 14 8
3 14 8
4 14 3
5 14 3
6 14 10
7 14 1
8 14 4
9 14 5
10 14 7
11 14 1
12 14 7
13 14 2
0 13 8
1 13 7
2 13 6
3 13 0
4 13 2
5 13 1
6 13 3
7 13 9
8 13 1
9 13 8
10 13 8
11 13 9
12 13 3
0 12 4
1 12 4
2 12 2
3 12 0
4 12 5
5 12 4
6 12 6
7 12 9
8 12 6
9 12 2
10 12 8
11 12 0
0 11 2
1 11 5
2 11 4
3 11 10
4 11 5
5 11 6
6 11 8
7 11 5
8 11 2
9 11 3
10 11 4
0 10 1
1 10 2
2 10 8
3 10 8
4 10 0
5 10 4
6 10 1
7 10 1
8 10 7
9 10 0
0 9 0
1 9 2
2 9 4
3 9 2
4 9 2
5 9 1
6 9 0
7 9 3
8 9 10
0 8 1
1 8 0
2 8 3
3 8 0
4 8 5
5 8 7
6 8 6
7 8 5
0 7 8
1 7 2
2 7 3
3 7 9
4 7 0
5 7 10
6 7 3
0 6 1
1 6 6
2 6 1
3 6 4
4 6 6
5 6 0
0 5 1
1 5 1
2 5 1
3 5 5
4 5 8
0 4 9
1 4 9
2 4 2
3 4 9
0 3 9
1 3 3
2 3 4
0 2 5
1 2 3
0 1 9
20 0 1
