53 122
133 70
12 152
80 50
138 177
111 103
2 162
71 189
122 158
13 126
57 158
95 146
77 179
183 67
189 91
66 56
78 146
32 46
128 155
12 54
77 131
102 148
23 24
146 0
69 188
53 167
160 67
70 34
173 100
61 98
164 79
74 173
92 83
122 26
74 132
97 72
123 1
45 24
92 82
188 91
112 9
139 19
57 125
147 142
54 121
170 36
110 43
150 120
91 78
135 142
94 197
67 122
184 15
108 176
87 64
132 147
91 46
9 78
157 103
133 26
91 185
11 7
114 72
24 106
52 32
42 96
80 43
48 163
12 28
115 62
87 151
122 65
2 188
25 112
87 11
67 102
46 176
162 81
193 150
75 94
24 85
149 185
21 71
85 177
124 138
16 96
95 141
17 125
5 57
86 36
88 67
56 60
195 127
33 189
132 99
3 58
131 20
166 49
65 25
153 56
