97 80
85 64
14 45
40 50
18 80
59 39
21 1
99 38
65 35
76 21
84 44
75 13
44 73
37 98
43 39
23 54
49 12
97 39
59 23
44 61
42 47
36 68
52 34
28 56
0 48
9 62
92 14
45 22
72 4
26 46
62 85
68 2
2 12
53 93
89 84
90 81
27 90
33 74
65 3
54 59
22 38
51 24
54 38
12 62
31 38
79 99
49 40
72 7
96 7
60 47
26 33
33 59
99 56
60 5
84 44
96 18
26 0
24 93
29 35
58 16
21 91
30 23
20 21
77 86
37 38
96 53
15 95
94 92
61 92
49 32
15 98
1 41
47 51
31 62
88 73
47 19
10 60
81 28
38 33
31 50
97 57
8 54
73 85
45 66
3 71
63 89
53 65
58 19
34 91
65 19
96 70
2 39
31 50
61 76
21 68
16 23
3 81
24 99
38 21
74 65
94 2
55 6
51 13
40 83
95 0
64 9
70 28
22 51
18 25
8 2
30 61
46 15
55 23
61 89
48 92
67 92
33 59
52 26
5 86
78 20
73 20
83 71
62 7
56 39
18 66
12 13
89 26
84 80
47 4
77 6
72 98
10 26
66 44
80 31
78 84
97 86
21 84
47 8
9 81
18 48
36 42
86 73
77 12
94 21
35 31
26 42
20 50
18 8
70 27
79 5
51 86
16 11
98 0
71 93
96 32
16 86
95 12
25 60
94 8
46 72
98 70
54 71
26 36
91 3
77 9
60 18
71 46
67 6
33 79
23 95
23 57
47 88
22 53
86 79
12 83
29 33
53 72
15 91
9 38
24 47
17 71
94 54
13 45
1 32
72 47
96 21
4 99
97 51
12 26
29 67
84 95
57 99
85 76
20 7
28 66
12 10
67 28
89 9
33 70
77 54
