45 113
197 178
1 56
127 76
122 29
48 94
124 31
32 120
119 155
110 35
102 128
117 32
45 140
168 180
16 87
139 144
133 108
76 63
5 62
22 97
65 173
63 5
106 186
66 11
11 197
151 70
35 181
57 185
10 183
30 88
19 57
170 41
187 49
169 156
8 165
136 65
135 128
19 185
117 49
147 6
33 189
61 183
86 167
24 130
192 131
158 128
75 2
136 148
183 160
45 137
65 64
134 121
32 113
139 122
185 133
162 131
0 106
38 58
184 59
107 15
90 95
103 199
41 82
133 69
112 39
67 156
86 147
112 6
21 71
126 76
14 69
72 11
10 191
151 10
8 63
144 40
20 53
22 163
131 63
55 163
119 99
153 40
22 196
163 17
40 160
176 174
140 193
27 14
176 39
31 83
107 68
166 63
39 43
81 99
159 98
12 188
136 153
132 49
179 85
192 115
