22 44
91 43
6 95
79 97
91 44
61 18
20 74
39 61
19 73
63 37
99 16
7 26
48 49
19 91
17 73
32 32
73 6
51 32
51 35
61 59
88 27
47 92
94 33
45 5
91 89
87 86
16 14
50 8
12 21
16 95
89 1
90 33
23 20
98 9
7 18
90 38
19 41
2 19
5 49
95 37
76 92
87 7
58 78
31 32
32 69
0 19
26 86
51 65
52 33
57 41
62 25
13 79
19 72
72 39
83 88
39 86
59 30
17 24
7 35
82 25
91 8
79 37
27 9
43 10
29 81
51 74
60 21
27 47
6 82
94 28
45 56
88 72
73 66
19 9
19 1
91 90
93 20
12 44
14 42
89 82
73 2
4 66
87 72
99 3
17 36
33 27
95 12
21 76
71 59
35 72
40 11
66 3
79 70
18 71
52 35
66 65
83 55
68 61
91 60
33 81
85 5
80 21
11 1
21 9
95 14
16 51
18 47
17 25
5 23
56 37
59 41
51 60
14 63
58 98
27 37
48 9
63 44
36 8
83 70
64 36
84 97
28 21
70 84
92 9
45 92
14 12
22 16
35 68
72 23
34 30
65 47
5 59
64 71
47 58
77 71
44 42
17 35
57 92
86 9
51 22
95 41
93 37
78 92
29 61
70 28
62 78
77 0
10 82
22 41
36 57
69 13
82 91
32 81
57 24
61 64
83 0
48 20
90 45
52 87
27 18
27 68
37 56
79 37
65 54
78 60
70 5
74 8
83 73
44 20
79 12
96 51
81 81
16 72
5 62
75 9
41 40
43 56
85 79
16 4
11 75
35 31
72 83
80 61
25 74
16 19
46 50
73 10
29 30
62 24
12 23
95 73
27 60
46 72
94 73
7 84
41 18
18 48
10 61
61 98
26 39
7 76
88 13
12 63
74 11
8 9
68 55
79 54
4 37
96 8
44 64
85 50
82 65
99 62
90 1
37 61
44 85
90 20
34 72
73 44
30 28
34 83
7 90
33 30
4 24
70 56
56 48
82 4
17 33
6 69
9 74
44 20
83 84
25 26
91 98
90 82
91 12
71 98
68 41
88 31
94 31
11 9
33 98
43 13
27 30
57 51
27 15
68 99
79 98
8 48
69 92
48 11
5 82
76 87
64 10
43 48
6 95
51 37
94 75
20 41
19 97
74 96
61 22
29 8
7 23
58 95
29 7
15 99
97 89
25 55
23 99
36 55
3 13
90 41
45 32
59 97
6 46
93 8
78 38
71 69
15 56
64 8
1 16
79 75
86 1
63 91
47 99
85 75
87 98
75 49
89 28
47 8
69 71
41 29
83 94
32 91
12 46
47 79
40 4
88 65
32 75
