43 42
14 49
5 77
46 53
77 57
95 40
66 70
23 23
68 17
34 22
71 96
53 19
96 41
52 15
7 93
27 20
90 40
9 33
55 87
64 13
56 23
22 93
65 8
43 49
24 40
83 34
53 86
0 27
51 91
83 37
20 78
37 69
69 60
63 67
59 76
75 48
65 66
4 4
3 52
68 79
88 2
74 23
0 74
80 20
93 6
89 51
47 2
6 44
18 94
50 42
23 49
15 77
8 2
65 51
71 38
87 90
68 1
84 51
22 12
21 34
66 16
60 49
5 84
0 21
70 62
59 58
77 58
20 72
43 81
44 12
93 94
76 97
9 89
51 10
4 67
77 46
46 17
84 13
93 83
13 23
65 2
8 9
46 81
13 75
19 11
21 51
92 47
5 67
47 21
79 27
60 89
1 41
23 63
33 17
63 28
48 94
23 20
29 23
41 36
65 37
