1 20 3
2 20 20
3 20 2
4 20 15
5 20 4
6 20 9
7 20 11
8 20 8
9 20 1
10 20 5
11 20 1
12 20 11
13 20 5
14 20 11
15 20 11
16 20 9
17 20 8
18 20 15
19 20 14
0 19 0
1 19 19
2 19 16
3 19 10
4 19 2
5 19 8
6 19 15
7 19 9
8 19 1
9 19 20
10 19 8
11 19 7
12 19 12
13 19 3
14 19 0
15 19 7
16 19 12
17 19 7
18 19 6
0 18 8
1 18 6
2 18 14
3 18 6
4 18 14
5 18 3
6 18 5
7 18 11
8 18 14
9 18 13
10 18 19
11 18 11
12 18 12
13 18 13
14 18 6
15 18 3
16 18 18
17 18 7
0 17 3
1 17 18
2 17 14
3 17 20
4 17 0
5 17 14
6 17 20
7 17 11
8 17 16
9 17 8
10 17 10
11 17 12
12 17 1
13 17 4
14 17 3
15 17 20
16 17 18
0 16 6
1 16 9
2 16 15
3 16 16
4 16 17
5 16 5
6 16 1
7 16 17
8 16 4
9 16 4
10 16 9
11 16 3
12 16 13
13 16 9
14 16 6
15 16 0
0 15 9
1 15 2
2 15 10
3 15 7
4 15 15
5 15 7
6 15 20
7 15 7
8 15 2
9 15 15
10 15 17
11 15 8
12 15 2
13 15 19
14 15 1
0 14 0
1 14 18
2 14 2
3 14 14
4 14 1
5 14 12
6 14 8
7 14 1
8 14 17
9 14 12
10 14 9
11 14 9
12 14 7
13 14 16
0 13 17
1 13 6
2 13 19
3 13 5
4 13 18
5 13 12
6 13 5
7 13 19
8 13 2
9 13 14
10 13 9
11 13 20
12 13 18
0 12 14
1 12 16
2 12 5
3 12 19
4 12 0
5 12 17
6 12 2
7 12 3
8 12 4
9 12 18
10 12 7
11 12 15
0 11 10
1 11 3
2 11 0
3 11 9
4 11 12
5 11 16
6 11 18
7 11 15
8 11 10
9 11 4
10 11 6
0 10 20
1 10 6
2 10 5
3 10 13
4 10 7
5 10 18
6 10 9
7 10 2
8 10 7
9 10 18
0 9 11
1 9 6
2 9 0
3 9 5
4 9 5
5 9 13
6 9 1
7 9 10
8 9 0
0 8 2
1 8 1
2 8 3
3 8 14
4 8 13
5 8 6
6 8 17
7 8 14
0 7 9
1 7 10
2 7 1
3 7 0
4 7 9
5 7 4
6 7 18
0 6 11
1 6 14
2 6 13
3 6 18
4 6 1
5 6 10
0 5 19
1 5 18
2 5 3
3 5 17
4 5 15
0 4 20
1 4 2
2 4 10
3 4 2
0 3 7
1 3 12
2 3 7
0 2 1
1 2 3
0 1 0
20 0 17
